################################################################################
# WEBOBS OVPF
#
# PROC: {PROC.CGNSSOVPF} GNSS GAMIT/GLOBK OVPF
# TITLE: {\fontsize{14}{\bfPVDG: "Piton Parvedi" - Local} (All data)} {RDCPVDG}
# FILENAME: RDCPVDG_all.txt
# COORD: 369443	7648236
#
# CREATED: 12-Oct-2022 18:35:02 by sysop@pitondescalumets
# COPYRIGHT: MMXXII, (c) OVPF-IPGP
################################################################################
#
#yyyy mm dd HH MM SS Eastern(m) Northern(m) Up(m) dE dN dU Orbit East_treat(m) North_treat(m) Up_treat(m)
2020 11 27 11 59 00 5782719.930664 -2366969.787091 1698.809470 0.010000 0.010000 0.010000 0.000000 5782719.908923 -2366969.803832 1698.809470
2020 11 28 11 59 00 5782719.927485 -2366969.782924 1698.802550 0.010000 0.010000 0.010000 0.000000 5782719.905729 -2366969.799677 1698.802550
2020 11 29 11 59 00 5782719.935376 -2366969.785587 1698.813520 0.010000 0.010000 0.010000 0.000000 5782719.913604 -2366969.802351 1698.813520
2020 11 30 11 59 00 5782719.930327 -2366969.777930 1698.814780 0.010000 0.010000 0.011270 0.000000 5782719.908540 -2366969.794706 1698.814780
2020 12 01 11 59 00 5782719.936208 -2366969.782663 1698.823570 0.010000 0.010000 0.010000 0.000000 5782719.914406 -2366969.799450 1698.823570
2020 12 02 11 59 00 5782719.937729 -2366969.780045 1698.823990 0.010000 0.010000 0.010650 0.000000 5782719.915912 -2366969.796845 1698.823990
2020 12 03 11 59 00 5782719.943360 -2366969.780128 1698.811190 0.010000 0.010000 0.010840 0.000000 5782719.921527 -2366969.796940 1698.811190
2020 12 04 11 59 00 5782719.942211 -2366969.787991 1698.807890 0.010000 0.010000 0.010000 0.000000 5782719.920363 -2366969.804814 1698.807890
2020 12 05 11 59 00 5782719.935032 -2366969.790424 1698.811710 0.010000 0.010000 0.010000 0.000000 5782719.913169 -2366969.807259 1698.811710
2020 12 06 11 59 00 5782719.935363 -2366969.777827 1698.812090 0.010000 0.010000 0.010000 0.000000 5782719.913485 -2366969.794673 1698.812090
2020 12 07 11 59 00 5782719.939244 -2366969.782180 1698.802390 0.010000 0.010000 0.010000 0.000000 5782719.917350 -2366969.799038 1698.802390
2020 12 08 11 59 00 5782719.934325 -2366969.773153 1698.804350 0.010000 0.010000 0.010000 0.000000 5782719.912416 -2366969.790023 1698.804350
2020 12 09 11 59 00 5782719.928376 -2366969.779575 1698.797620 0.010000 0.010000 0.010000 0.000000 5782719.906452 -2366969.796457 1698.797620
2020 12 10 11 59 00 5782719.937147 -2366969.785268 1698.800180 0.010000 0.010000 0.010000 0.000000 5782719.915208 -2366969.802162 1698.800180
2020 12 11 11 59 00 5782719.927778 -2366969.780841 1698.820050 0.010000 0.010000 0.010000 0.000000 5782719.905823 -2366969.797746 1698.820050
2020 12 12 11 59 00 5782719.941419 -2366969.786894 1698.813710 0.010000 0.010000 0.010230 0.000000 5782719.919449 -2366969.803811 1698.813710
2020 12 13 11 59 00 5782719.934050 -2366969.778247 1698.830580 0.010000 0.010000 0.010180 0.000000 5782719.912065 -2366969.795176 1698.830580
2020 12 14 11 59 00 5782719.943481 -2366969.780450 1698.804510 0.010000 0.010000 0.016270 0.000000 5782719.921481 -2366969.797390 1698.804510
2020 12 15 11 59 00 5782719.931032 -2366969.777613 1698.843070 0.010000 0.010000 0.012660 0.000000 5782719.909016 -2366969.794565 1698.843070
2020 12 16 11 59 00 5782719.935863 -2366969.774665 1698.817380 0.010000 0.010000 0.010000 0.000000 5782719.913832 -2366969.791629 1698.817380
2020 12 17 11 59 00 5782719.941764 -2366969.781478 1698.818070 0.010000 0.010000 0.013200 0.000000 5782719.919718 -2366969.798454 1698.818070
2020 12 18 11 59 00 5782719.986545 -2366969.797951 1698.827050 0.010000 0.010000 0.015310 0.000000 5782719.964484 -2366969.814939 1698.827050
2020 12 19 11 59 00 5782719.924866 -2366969.765954 1698.878990 0.010000 0.010000 0.014550 0.000000 5782719.902789 -2366969.782953 1698.878990
2020 12 20 11 59 00 5782719.931687 -2366969.775077 1698.836920 0.010000 0.010000 0.010000 0.000000 5782719.909595 -2366969.792088 1698.836920
2020 12 22 11 59 00 5782719.936809 -2366969.777613 1698.814500 0.010000 0.010000 0.010000 0.000000 5782719.914687 -2366969.794647 1698.814500
2020 12 23 11 59 00 5782719.941710 -2366969.779595 1698.827620 0.010000 0.010000 0.010000 0.000000 5782719.919572 -2366969.796641 1698.827620
2020 12 24 11 59 00 5782719.940311 -2366969.787408 1698.821030 0.010000 0.010000 0.010420 0.000000 5782719.918158 -2366969.804466 1698.821030
2020 12 25 11 59 00 5782719.937112 -2366969.782601 1698.815060 0.010000 0.010000 0.010000 0.000000 5782719.914944 -2366969.799671 1698.815060
2020 12 31 11 59 00 5782719.932718 -2366969.780798 1698.805920 0.010000 0.010000 0.015380 0.000000 5782719.910458 -2366969.797938 1698.805920
2021 01 01 11 59 00 5782719.948619 -2366969.789191 1698.805660 0.010000 0.010000 0.012150 0.000000 5782719.926344 -2366969.806343 1698.805660
2021 01 02 11 59 00 5782719.939210 -2366969.780224 1698.788030 0.010000 0.010000 0.010000 0.000000 5782719.916920 -2366969.797387 1698.788030
2021 01 03 11 59 00 5782719.941861 -2366969.781437 1698.799350 0.010000 0.010000 0.011070 0.000000 5782719.919555 -2366969.798612 1698.799350
2021 01 04 11 59 00 5782719.941562 -2366969.784970 1698.792900 0.010000 0.010000 0.010000 0.000000 5782719.919241 -2366969.802157 1698.792900
2021 01 05 11 59 00 5782719.937063 -2366969.780572 1698.796310 0.010000 0.010000 0.010000 0.000000 5782719.914727 -2366969.797771 1698.796310
2021 01 06 11 59 00 5782719.935034 -2366969.780095 1698.792600 0.010000 0.010000 0.010000 0.000000 5782719.912683 -2366969.797306 1698.792600
2021 01 07 11 59 00 5782719.941695 -2366969.778378 1698.790080 0.010000 0.010000 0.010000 0.000000 5782719.919328 -2366969.795600 1698.790080
2021 01 08 11 59 00 5782719.941006 -2366969.783871 1698.795800 0.010000 0.010000 0.010000 0.000000 5782719.918624 -2366969.801105 1698.795800
2021 01 09 11 59 00 5782719.932197 -2366969.782914 1698.779430 0.010000 0.010000 0.010000 0.000000 5782719.909800 -2366969.800160 1698.779430
2021 01 10 11 59 00 5782719.940078 -2366969.778697 1698.801160 0.010000 0.010000 0.010000 0.000000 5782719.917666 -2366969.795954 1698.801160
2021 01 11 11 59 00 5782719.936799 -2366969.787470 1698.799380 0.010000 0.010000 0.012240 0.000000 5782719.914371 -2366969.804739 1698.799380
2021 01 12 11 59 00 5782719.928200 -2366969.789032 1698.726350 0.010000 0.010000 0.017520 0.000000 5782719.905757 -2366969.806313 1698.726350
2021 01 13 11 59 00 5782719.950041 -2366969.784035 1698.755130 0.010000 0.010000 0.012190 0.000000 5782719.927583 -2366969.801328 1698.755130
2021 01 14 11 59 00 5782719.934532 -2366969.785618 1698.786960 0.010000 0.010000 0.010000 0.000000 5782719.912059 -2366969.802923 1698.786960
2021 01 15 11 59 00 5782719.940863 -2366969.780601 1698.786700 0.010000 0.010000 0.012570 0.000000 5782719.918374 -2366969.797917 1698.786700
2021 01 16 11 59 00 5782719.937964 -2366969.783854 1698.800840 0.010000 0.010000 0.010000 0.000000 5782719.915460 -2366969.801182 1698.800840
2021 01 17 11 59 00 5782719.942375 -2366969.780797 1698.790860 0.010000 0.010000 0.010000 0.000000 5782719.919856 -2366969.798136 1698.790860
2021 01 18 11 59 00 5782719.934486 -2366969.784650 1698.789700 0.010000 0.010000 0.010000 0.000000 5782719.911952 -2366969.802001 1698.789700
2021 01 19 11 59 00 5782719.944467 -2366969.782552 1698.798350 0.010000 0.010000 0.010000 0.000000 5782719.921917 -2366969.799916 1698.798350
2021 01 20 11 59 00 5782719.937798 -2366969.787725 1698.763910 0.010000 0.010000 0.010910 0.000000 5782719.915233 -2366969.805100 1698.763910
2021 01 22 11 59 00 5782719.938050 -2366969.785451 1698.787530 0.010000 0.010000 0.010000 0.000000 5782719.915455 -2366969.802849 1698.787530
2021 01 23 11 59 00 5782719.933211 -2366969.786734 1698.778540 0.010000 0.010000 0.010000 0.000000 5782719.910600 -2366969.804144 1698.778540
2021 01 24 11 59 00 5782719.948642 -2366969.784417 1698.810010 0.010000 0.010000 0.012440 0.000000 5782719.926016 -2366969.801838 1698.810010
2021 01 25 11 59 00 5782719.933933 -2366969.792490 1698.781450 0.010000 0.010000 0.011680 0.000000 5782719.911292 -2366969.809923 1698.781450
2021 01 26 11 59 00 5782719.935534 -2366969.778362 1698.798470 0.010000 0.010000 0.010000 0.000000 5782719.912878 -2366969.795808 1698.798470
2021 01 27 11 59 00 5782719.940715 -2366969.781435 1698.802820 0.010000 0.010000 0.010200 0.000000 5782719.918043 -2366969.798892 1698.802820
2021 01 28 11 59 00 5782719.931586 -2366969.772228 1698.820400 0.010000 0.010000 0.012060 0.000000 5782719.908899 -2366969.789697 1698.820400
2021 01 29 11 59 00 5782719.936207 -2366969.791251 1698.768650 0.010000 0.010000 0.011740 0.000000 5782719.913505 -2366969.808731 1698.768650
2021 01 30 11 59 00 5782719.937018 -2366969.780354 1698.782830 0.010000 0.010000 0.015780 0.000000 5782719.914301 -2366969.797846 1698.782830
2021 01 31 11 59 00 5782719.937389 -2366969.787157 1698.778770 0.010000 0.010000 0.010060 0.000000 5782719.914656 -2366969.804661 1698.778770
2021 02 01 11 59 00 5782719.930430 -2366969.782190 1698.782740 0.010000 0.010000 0.012120 0.000000 5782719.907682 -2366969.799705 1698.782740
2021 02 02 11 59 00 5782719.927221 -2366969.776562 1698.800560 0.010000 0.010000 0.010570 0.000000 5782719.904458 -2366969.794090 1698.800560
2021 02 03 11 59 00 5782719.936312 -2366969.783725 1698.781140 0.010000 0.010000 0.010000 0.000000 5782719.913534 -2366969.801264 1698.781140
2021 02 04 11 59 00 5782719.941753 -2366969.782608 1698.764580 0.010000 0.010000 0.010000 0.000000 5782719.918959 -2366969.800159 1698.764580
2021 02 05 11 59 00 5782719.935254 -2366969.787671 1698.762580 0.010000 0.010000 0.012560 0.000000 5782719.912445 -2366969.805234 1698.762580
2021 02 06 11 59 00 5782719.931445 -2366969.779044 1698.793310 0.010000 0.010000 0.012660 0.000000 5782719.908621 -2366969.796618 1698.793310
2021 02 07 11 59 00 5782719.941555 -2366969.788227 1698.757140 0.010000 0.010000 0.011370 0.000000 5782719.918717 -2366969.805813 1698.757140
2021 02 08 11 59 00 5782719.956616 -2366969.788550 1698.834340 0.010000 0.010000 0.014710 0.000000 5782719.933762 -2366969.806147 1698.834340
2021 02 09 11 59 00 5782719.942817 -2366969.792062 1698.804330 0.010000 0.010000 0.010540 0.000000 5782719.919948 -2366969.809672 1698.804330
2021 02 10 11 59 00 5782719.948638 -2366969.792405 1698.750560 0.010000 0.010000 0.012360 0.000000 5782719.925754 -2366969.810027 1698.750560
2021 02 11 11 59 00 5782719.935899 -2366969.774248 1698.785080 0.010000 0.010000 0.015260 0.000000 5782719.913000 -2366969.791881 1698.785080
2021 02 12 11 59 00 5782719.932630 -2366969.784631 1698.799530 0.010000 0.010000 0.018670 0.000000 5782719.909715 -2366969.802276 1698.799530
2021 02 13 11 59 00 5782719.929251 -2366969.785184 1698.824490 0.010000 0.010000 0.017630 0.000000 5782719.906321 -2366969.802840 1698.824490
2021 02 14 11 59 00 5782719.938702 -2366969.785987 1698.790580 0.010000 0.010000 0.011620 0.000000 5782719.915757 -2366969.803655 1698.790580
2021 02 15 11 59 00 5782719.940243 -2366969.786019 1698.795770 0.010000 0.010000 0.010230 0.000000 5782719.917283 -2366969.803700 1698.795770
2021 02 16 11 59 00 5782719.936074 -2366969.784442 1698.790840 0.010000 0.010000 0.010000 0.000000 5782719.913098 -2366969.802134 1698.790840
2021 02 17 11 59 00 5782719.945525 -2366969.789625 1698.775630 0.010000 0.010000 0.010000 0.000000 5782719.922534 -2366969.807329 1698.775630
2021 02 18 11 59 00 5782719.940146 -2366969.795948 1698.784180 0.010000 0.010000 0.010000 0.000000 5782719.917140 -2366969.813663 1698.784180
2021 02 19 11 59 00 5782719.941197 -2366969.785761 1698.794570 0.010000 0.010000 0.010000 0.000000 5782719.918176 -2366969.803488 1698.794570
2021 02 20 11 59 00 5782719.929018 -2366969.782524 1698.774620 0.010000 0.010000 0.010560 0.000000 5782719.905981 -2366969.800263 1698.774620
2021 02 21 11 59 00 5782719.940359 -2366969.784667 1698.773680 0.010000 0.010000 0.010000 0.000000 5782719.917307 -2366969.802417 1698.773680
2021 02 22 11 59 00 5782719.933070 -2366969.788629 1698.785640 0.010000 0.010000 0.010000 0.000000 5782719.910003 -2366969.806392 1698.785640
2021 02 23 11 59 00 5782719.936071 -2366969.788502 1698.800110 0.010000 0.010000 0.014780 0.000000 5782719.912989 -2366969.806276 1698.800110
2021 02 24 11 59 00 5782719.945312 -2366969.789745 1698.775380 0.010000 0.010000 0.010000 0.000000 5782719.922214 -2366969.807531 1698.775380
2021 02 25 11 59 00 5782719.940453 -2366969.786918 1698.773300 0.010000 0.010000 0.010080 0.000000 5782719.917340 -2366969.804716 1698.773300
2021 02 26 11 59 00 5782719.936064 -2366969.790031 1698.781510 0.010000 0.010000 0.012090 0.000000 5782719.912936 -2366969.807840 1698.781510
2021 02 27 11 59 00 5782719.937525 -2366969.783784 1698.790440 0.010000 0.010000 0.010720 0.000000 5782719.914382 -2366969.801605 1698.790440
2021 02 28 11 59 00 5782719.943436 -2366969.791187 1698.763190 0.010000 0.010000 0.011330 0.000000 5782719.920277 -2366969.809019 1698.763190
2021 03 01 11 59 00 5782719.939637 -2366969.784369 1698.770020 0.010000 0.010000 0.010000 0.000000 5782719.916463 -2366969.802214 1698.770020
2021 03 02 11 59 00 5782719.937138 -2366969.785112 1698.786200 0.010000 0.010000 0.010000 0.000000 5782719.913949 -2366969.802968 1698.786200
2021 03 03 11 59 00 5782719.946599 -2366969.796535 1698.793310 0.010000 0.010000 0.011590 0.000000 5782719.923395 -2366969.814403 1698.793310
2021 03 04 11 59 00 5782719.934390 -2366969.778298 1698.802560 0.010000 0.010000 0.011010 0.000000 5782719.911170 -2366969.796178 1698.802560
2021 03 05 11 59 00 5782719.938991 -2366969.780181 1698.759330 0.010000 0.010000 0.014470 0.000000 5782719.915756 -2366969.798072 1698.759330
2021 03 06 11 59 00 5782719.936262 -2366969.786994 1698.825950 0.010000 0.010000 0.010990 0.000000 5782719.913012 -2366969.804897 1698.825950
2021 03 07 11 59 00 5782719.940853 -2366969.790127 1698.727780 0.010000 0.010000 0.013700 0.000000 5782719.917587 -2366969.808041 1698.727780
2021 03 08 11 59 00 5782719.940744 -2366969.795079 1698.789510 0.010000 0.010000 0.011230 0.000000 5782719.917463 -2366969.813006 1698.789510
2021 03 09 11 59 00 5782719.936175 -2366969.787312 1698.771780 0.010000 0.010000 0.012030 0.000000 5782719.912879 -2366969.805251 1698.771780
2021 03 10 11 59 00 5782719.935386 -2366969.792095 1698.783760 0.010000 0.010000 0.010970 0.000000 5782719.912075 -2366969.810045 1698.783760
2021 03 11 11 59 00 5782720.244477 -2366970.078368 1698.460540 0.010720 0.010000 0.013610 0.000000 5782720.221150 -2366970.096330 1698.460540
2021 03 12 11 59 00 5782719.939748 -2366969.781641 1698.776730 0.010000 0.010000 0.010530 0.000000 5782719.916406 -2366969.799614 1698.776730
2021 03 13 11 59 00 5782719.946849 -2366969.787014 1698.744700 0.010000 0.010000 0.010000 0.000000 5782719.923492 -2366969.804999 1698.744700
2021 03 14 11 59 00 5782719.936990 -2366969.784597 1698.779250 0.010000 0.010000 0.010040 0.000000 5782719.913618 -2366969.802594 1698.779250
2021 03 15 11 59 00 5782719.930271 -2366969.783659 1698.787940 0.010000 0.010000 0.011350 0.000000 5782719.906883 -2366969.801668 1698.787940
2021 03 16 11 59 00 5782719.943722 -2366969.785162 1698.777420 0.010000 0.010000 0.016450 0.000000 5782719.920319 -2366969.803183 1698.777420
2021 03 18 11 59 00 5782719.948374 -2366969.788198 1698.766430 0.010000 0.010000 0.014310 0.000000 5782719.924941 -2366969.806242 1698.766430
2021 03 19 11 59 00 5782719.948075 -2366969.789391 1698.765100 0.010000 0.010000 0.012790 0.000000 5782719.924626 -2366969.807447 1698.765100
2021 03 20 11 59 00 5782719.938406 -2366969.794294 1698.791430 0.010000 0.010000 0.010000 0.000000 5782719.914942 -2366969.812361 1698.791430
2021 03 21 11 59 00 5782719.922227 -2366969.792657 1698.780100 0.010000 0.010000 0.013500 0.000000 5782719.898748 -2366969.810736 1698.780100
2021 03 22 11 59 00 5782719.939238 -2366969.788459 1698.778420 0.010000 0.010000 0.010710 0.000000 5782719.915744 -2366969.806550 1698.778420
2021 03 23 11 59 00 5782719.945979 -2366969.793622 1698.792700 0.010000 0.010000 0.010050 0.000000 5782719.922469 -2366969.811725 1698.792700
2021 03 24 11 59 00 5782719.977960 -2366969.803235 1698.782660 0.010000 0.010000 0.012330 0.000000 5782719.954435 -2366969.821350 1698.782660
2021 03 25 11 59 00 5782719.939961 -2366969.788588 1698.756360 0.010000 0.010000 0.011360 0.000000 5782719.916421 -2366969.806714 1698.756360
2021 03 26 11 59 00 5782719.940062 -2366969.798501 1698.769400 0.010000 0.010000 0.010630 0.000000 5782719.916507 -2366969.816639 1698.769400
2021 03 27 11 59 00 5782719.939363 -2366969.795954 1698.786480 0.010000 0.010000 0.011940 0.000000 5782719.915792 -2366969.814103 1698.786480
2021 03 28 11 59 00 5782719.943754 -2366969.804647 1698.786080 0.010000 0.010000 0.012140 0.000000 5782719.920168 -2366969.822808 1698.786080
2021 03 29 11 59 00 5782719.932365 -2366969.794789 1698.815200 0.010000 0.010000 0.011190 0.000000 5782719.908764 -2366969.812963 1698.815200
2021 03 30 11 59 00 5782719.936396 -2366969.795182 1698.799950 0.010000 0.010000 0.010000 0.000000 5782719.912780 -2366969.813367 1698.799950
2021 03 31 11 59 00 5782719.940217 -2366969.797235 1698.772040 0.010000 0.010000 0.011050 0.000000 5782719.916585 -2366969.815432 1698.772040
2021 04 01 11 59 00 5782719.943818 -2366969.795268 1698.762210 0.010000 0.010000 0.010380 0.000000 5782719.920171 -2366969.813476 1698.762210
2021 04 02 11 59 00 5782719.943529 -2366969.797311 1698.779450 0.010000 0.010000 0.010000 0.000000 5782719.919867 -2366969.815531 1698.779450
2021 04 03 11 59 00 5782719.947380 -2366969.796064 1698.751400 0.010000 0.010000 0.013200 0.000000 5782719.923703 -2366969.814295 1698.751400
2021 04 04 11 59 00 5782719.942091 -2366969.791066 1698.752560 0.010000 0.010000 0.011990 0.000000 5782719.918398 -2366969.809310 1698.752560
2021 04 05 11 59 00 5782719.932592 -2366969.797059 1698.783140 0.010000 0.010000 0.010820 0.000000 5782719.908884 -2366969.815315 1698.783140
2021 04 06 11 59 00 5782719.945853 -2366969.790762 1698.771950 0.010000 0.010000 0.011000 0.000000 5782719.922130 -2366969.809029 1698.771950
2021 04 07 11 59 00 5782719.949664 -2366969.794815 1698.778010 0.010000 0.010000 0.010000 0.000000 5782719.925926 -2366969.813094 1698.778010
2021 04 08 11 59 00 5782719.948015 -2366969.790428 1698.784750 0.010000 0.010000 0.010000 0.000000 5782719.924261 -2366969.808718 1698.784750
2021 04 09 11 59 00 5782719.946516 -2366969.793731 1698.774860 0.010000 0.010000 0.013200 0.000000 5782719.922747 -2366969.812033 1698.774860
2021 04 10 11 59 00 5782719.982857 -2366969.797634 1698.783540 0.010000 0.010000 0.010130 0.000000 5782719.959073 -2366969.815948 1698.783540
2021 04 11 11 59 00 5782719.998988 -2366969.785626 1698.774120 0.010000 0.010000 0.010000 0.000000 5782719.975189 -2366969.803952 1698.774120
2021 04 12 11 59 00 5782719.986439 -2366969.786549 1698.766880 0.010000 0.010000 0.011250 0.000000 5782719.962624 -2366969.804887 1698.766880
2021 04 13 11 59 00 5782719.996110 -2366969.782042 1698.809600 0.010000 0.010000 0.011690 0.000000 5782719.972280 -2366969.800391 1698.809600
2021 04 14 11 59 00 5782719.997181 -2366969.789925 1698.781130 0.010000 0.010000 0.011000 0.000000 5782719.973336 -2366969.808286 1698.781130
2021 04 15 11 59 00 5782719.976512 -2366969.788848 1698.796680 0.010000 0.010000 0.010000 0.000000 5782719.952652 -2366969.807221 1698.796680
2021 04 16 11 59 00 5782719.996193 -2366969.776991 1698.748670 0.010000 0.010000 0.011080 0.000000 5782719.972317 -2366969.795375 1698.748670
2021 04 17 11 59 00 5782719.960604 -2366969.780874 1698.789230 0.010000 0.010000 0.013870 0.000000 5782719.936713 -2366969.799270 1698.789230
2021 04 18 11 59 00 5782719.996995 -2366969.781066 1698.779230 0.010000 0.010000 0.010000 0.000000 5782719.973089 -2366969.799474 1698.779230
2021 04 19 11 59 00 5782719.995056 -2366969.778559 1698.781030 0.010000 0.010000 0.010000 0.000000 5782719.971135 -2366969.796979 1698.781030
2021 04 20 11 59 00 5782719.984267 -2366969.769402 1698.787500 0.100160 0.060620 0.215740 0.000000 5782719.960330 -2366969.787834 1698.787500
2021 04 22 11 59 00 5782720.000769 -2366969.788718 1698.766020 0.010000 0.010000 0.011690 0.000000 5782719.976802 -2366969.807173 1698.766020
2021 04 24 11 59 00 5782719.983401 -2366969.780024 1698.776250 0.010000 0.010000 0.018100 0.000000 5782719.959403 -2366969.798502 1698.776250
2021 04 25 11 59 00 5782719.994622 -2366969.777966 1698.770710 0.010000 0.010000 0.014080 0.000000 5782719.970609 -2366969.796457 1698.770710
2021 04 27 11 59 00 5782720.010644 -2366969.785522 1698.741240 0.010000 0.010000 0.017670 0.000000 5782719.986601 -2366969.804036 1698.741240
2021 04 29 11 59 00 5782720.009816 -2366969.794918 1698.826960 0.030500 0.010000 0.023850 0.000000 5782719.985742 -2366969.813455 1698.826960
2021 04 30 11 59 00 5782720.001387 -2366969.798531 1698.786690 0.012300 0.010000 0.022520 0.000000 5782719.977298 -2366969.817080 1698.786690
2021 05 01 11 59 00 5782720.046898 -2366969.793024 1698.712200 0.026620 0.010000 0.020950 0.000000 5782720.022794 -2366969.811584 1698.712200
2021 05 02 11 59 00 5782720.004359 -2366969.785276 1698.740310 0.010000 0.010000 0.011230 0.000000 5782719.980239 -2366969.803849 1698.740310
2021 05 03 11 59 00 5782720.001350 -2366969.786259 1698.759670 0.010000 0.010000 0.012910 0.000000 5782719.977215 -2366969.804843 1698.759670
2021 05 04 11 59 00 5782720.002501 -2366969.773762 1698.757320 0.010000 0.010000 0.014560 0.000000 5782719.978351 -2366969.792358 1698.757320
2021 05 05 11 59 00 5782720.002432 -2366969.787545 1698.754920 0.010000 0.010000 0.012180 0.000000 5782719.978267 -2366969.806152 1698.754920
2021 05 06 11 59 00 5782719.991383 -2366969.797638 1698.775960 0.010000 0.010000 0.012630 0.000000 5782719.967202 -2366969.816257 1698.775960
2021 05 07 11 59 00 5782719.997704 -2366969.785051 1698.778280 0.010000 0.010000 0.012210 0.000000 5782719.973508 -2366969.803682 1698.778280
2021 05 08 11 59 00 5782720.004375 -2366969.793314 1698.744880 0.010000 0.010000 0.010640 0.000000 5782719.980164 -2366969.811956 1698.744880
2021 05 09 11 59 00 5782719.998966 -2366969.789646 1698.789640 0.010000 0.010000 0.012340 0.000000 5782719.974740 -2366969.808301 1698.789640
2021 05 11 11 59 00 5782719.995378 -2366969.789412 1698.756010 0.010000 0.010000 0.011040 0.000000 5782719.971121 -2366969.808090 1698.756010
2021 05 12 11 59 00 5782719.986049 -2366969.798615 1698.812560 0.010000 0.010000 0.010000 0.000000 5782719.961777 -2366969.817305 1698.812560
2021 05 13 11 59 00 5782719.997610 -2366969.791688 1698.755320 0.010000 0.010000 0.010000 0.000000 5782719.973322 -2366969.810389 1698.755320
2021 05 14 11 59 00 5782720.000691 -2366969.794791 1698.752140 0.010000 0.010000 0.011690 0.000000 5782719.976388 -2366969.813504 1698.752140
2021 05 15 11 59 00 5782720.003762 -2366969.791334 1698.783510 0.010000 0.010000 0.016490 0.000000 5782719.979444 -2366969.810058 1698.783510
2021 05 16 11 59 00 5782719.973393 -2366969.790216 1698.776450 0.023760 0.010000 0.018010 0.000000 5782719.949060 -2366969.808953 1698.776450
2021 05 17 11 59 00 5782720.011614 -2366969.793819 1698.724570 0.010000 0.010000 0.019380 0.000000 5782719.987265 -2366969.812568 1698.724570
2021 05 18 11 59 00 5782720.012415 -2366969.792532 1698.741930 0.010000 0.010000 0.012560 0.000000 5782719.988051 -2366969.811292 1698.741930
2021 05 19 11 59 00 5782720.004446 -2366969.788535 1698.737900 0.010000 0.010000 0.010000 0.000000 5782719.980067 -2366969.807307 1698.737900
2021 05 20 11 59 00 5782720.007637 -2366969.797408 1698.747650 0.010000 0.010000 0.010000 0.000000 5782719.983243 -2366969.816191 1698.747650
2021 05 21 11 59 00 5782720.002488 -2366969.790301 1698.751760 0.010000 0.010000 0.010000 0.000000 5782719.978078 -2366969.809096 1698.751760
2021 05 22 11 59 00 5782719.998399 -2366969.797313 1698.753750 0.010000 0.010000 0.010000 0.000000 5782719.973974 -2366969.816121 1698.753750
2021 05 23 11 59 00 5782719.996490 -2366969.788836 1698.741710 0.010000 0.010000 0.010000 0.000000 5782719.972050 -2366969.807655 1698.741710
2021 05 24 11 59 00 5782720.020261 -2366969.792289 1698.736730 0.010000 0.010000 0.010000 0.000000 5782719.995806 -2366969.811120 1698.736730
2021 05 25 11 59 00 5782720.002812 -2366969.795282 1698.755020 0.010000 0.010000 0.010000 0.000000 5782719.978341 -2366969.814124 1698.755020
2021 05 26 11 59 00 5782720.000193 -2366969.788555 1698.761510 0.010000 0.010000 0.010000 0.000000 5782719.975707 -2366969.807409 1698.761510
2021 05 27 11 59 00 5782720.000054 -2366969.785528 1698.738940 0.010000 0.010000 0.010000 0.000000 5782719.975553 -2366969.804394 1698.738940
2021 05 28 11 59 00 5782719.999015 -2366969.782451 1698.746650 0.010000 0.010000 0.010000 0.000000 5782719.974499 -2366969.801328 1698.746650
2021 05 29 11 59 00 5782720.000276 -2366969.785733 1698.745000 0.010000 0.010000 0.010000 0.000000 5782719.975744 -2366969.804623 1698.745000
2021 05 30 11 59 00 5782720.003587 -2366969.785126 1698.748530 0.010000 0.010000 0.010000 0.000000 5782719.979040 -2366969.804027 1698.748530
2021 05 31 11 59 00 5782720.003778 -2366969.780609 1698.745170 0.010000 0.010000 0.010000 0.000000 5782719.979216 -2366969.799522 1698.745170
2021 06 01 11 59 00 5782720.003519 -2366969.786802 1698.751830 0.010000 0.010000 0.010000 0.000000 5782719.978942 -2366969.805727 1698.751830
2021 06 02 11 59 00 5782720.006200 -2366969.781135 1698.771360 0.010000 0.010000 0.010000 0.000000 5782719.981607 -2366969.800071 1698.771360
2021 06 03 11 59 00 5782719.993741 -2366969.777288 1698.764400 0.010000 0.010000 0.019240 0.000000 5782719.969133 -2366969.796236 1698.764400
2021 06 04 11 59 00 5782720.005732 -2366969.781511 1698.760770 0.010000 0.010000 0.010000 0.000000 5782719.981109 -2366969.800470 1698.760770
2021 06 05 11 59 00 5782719.999953 -2366969.788183 1698.750710 0.010000 0.010000 0.010000 0.000000 5782719.975315 -2366969.807155 1698.750710
2021 06 06 11 59 00 5782720.011944 -2366969.777886 1698.750460 0.010000 0.010000 0.011220 0.000000 5782719.987290 -2366969.796869 1698.750460
2021 06 07 11 59 00 5782720.009305 -2366969.781399 1698.770310 0.010000 0.010000 0.012660 0.000000 5782719.984636 -2366969.800394 1698.770310
2021 06 08 11 59 00 5782720.007866 -2366969.786972 1698.753830 0.010000 0.010000 0.010000 0.000000 5782719.983182 -2366969.805979 1698.753830
2021 06 09 11 59 00 5782720.011677 -2366969.791085 1698.758140 0.010000 0.010000 0.010000 0.000000 5782719.986978 -2366969.810103 1698.758140
2021 06 10 11 59 00 5782720.008868 -2366969.789358 1698.781480 0.010000 0.010000 0.010870 0.000000 5782719.984153 -2366969.808388 1698.781480
2021 06 11 11 59 00 5782720.004929 -2366969.786061 1698.761800 0.010000 0.010000 0.015200 0.000000 5782719.980199 -2366969.805102 1698.761800
2021 06 13 11 59 00 5782720.019781 -2366969.785486 1698.762780 0.010000 0.010000 0.010000 0.000000 5782719.995021 -2366969.804552 1698.762780
2021 06 14 11 59 00 5782720.011042 -2366969.787189 1698.771390 0.010000 0.010000 0.010000 0.000000 5782719.986266 -2366969.806266 1698.771390
2021 06 15 11 59 00 5782720.001013 -2366969.792302 1698.766340 0.010000 0.010000 0.023080 0.000000 5782719.976222 -2366969.811391 1698.766340
2021 06 16 11 59 00 5782720.007984 -2366969.787495 1698.756340 0.010000 0.010000 0.010130 0.000000 5782719.983178 -2366969.806595 1698.756340
2021 06 19 11 59 00 5782720.010667 -2366969.783463 1698.760680 0.010000 0.010000 0.010000 0.000000 5782719.985815 -2366969.802599 1698.760680
2021 06 20 11 59 00 5782720.015207 -2366969.795936 1698.770170 0.010000 0.010000 0.011190 0.000000 5782719.990341 -2366969.815084 1698.770170
2021 06 21 11 59 00 5782720.011548 -2366969.790559 1698.756430 0.010000 0.010000 0.010000 0.000000 5782719.986667 -2366969.809718 1698.756430
2021 06 22 11 59 00 5782720.005199 -2366969.789372 1698.758790 0.010000 0.010000 0.010000 0.000000 5782719.980302 -2366969.808543 1698.758790
2021 06 24 11 59 00 5782720.008391 -2366969.790238 1698.760610 0.010000 0.010000 0.010000 0.000000 5782719.983464 -2366969.809432 1698.760610
2021 06 25 11 59 00 5782720.004842 -2366969.787471 1698.768500 0.010000 0.010000 0.010000 0.000000 5782719.979900 -2366969.806677 1698.768500
2021 06 26 11 59 00 5782720.009203 -2366969.790983 1698.760710 0.010000 0.010000 0.011880 0.000000 5782719.984245 -2366969.810201 1698.760710
2021 07 04 11 59 00 5782720.010941 -2366969.790086 1698.741860 0.010000 0.010000 0.010000 0.000000 5782719.985861 -2366969.809398 1698.741860
2021 07 07 11 59 00 5782720.039364 -2366969.759835 1698.628910 0.010000 0.010000 0.020540 0.000000 5782720.014239 -2366969.779182 1698.628910
2021 07 08 11 59 00 5782720.021355 -2366969.792078 1698.778070 0.010000 0.010000 0.010000 0.000000 5782719.996214 -2366969.811436 1698.778070
2021 07 09 11 59 00 5782720.013246 -2366969.798000 1698.776370 0.010000 0.010000 0.010000 0.000000 5782719.988090 -2366969.817371 1698.776370
2021 07 10 11 59 00 5782720.013457 -2366969.796513 1698.768550 0.010000 0.010000 0.010000 0.000000 5782719.988286 -2366969.815896 1698.768550
2021 07 11 11 59 00 5782720.011108 -2366969.795306 1698.758880 0.010000 0.010000 0.010000 0.000000 5782719.985922 -2366969.814700 1698.758880
2021 07 12 11 59 00 5782720.017339 -2366969.793469 1698.758350 0.010000 0.010000 0.017090 0.000000 5782719.992137 -2366969.812875 1698.758350
2021 07 13 11 59 00 5782720.012970 -2366969.793412 1698.762840 0.010000 0.010000 0.010000 0.000000 5782719.987753 -2366969.812829 1698.762840
2021 07 14 11 59 00 5782720.014191 -2366969.795385 1698.763910 0.010000 0.010000 0.010000 0.000000 5782719.988959 -2366969.814814 1698.763910
2021 07 15 11 59 00 5782720.024162 -2366969.794558 1698.770930 0.010000 0.010000 0.010000 0.000000 5782719.998915 -2366969.813999 1698.770930
2021 07 16 11 59 00 5782720.000713 -2366969.793980 1698.784630 0.010000 0.010000 0.010000 0.000000 5782719.975450 -2366969.813433 1698.784630
2021 07 17 11 59 00 5782720.017834 -2366969.791433 1698.764500 0.010000 0.010000 0.010000 0.000000 5782719.992556 -2366969.810898 1698.764500
2021 07 18 11 59 00 5782720.013825 -2366969.787506 1698.761710 0.010000 0.010000 0.010160 0.000000 5782719.988532 -2366969.806982 1698.761710
2021 07 20 11 59 00 5782720.000577 -2366969.790272 1698.775750 0.010000 0.010000 0.010000 0.000000 5782719.975253 -2366969.809772 1698.775750
2021 07 21 11 59 00 5782720.006148 -2366969.782275 1698.758190 0.010000 0.010000 0.010000 0.000000 5782719.980809 -2366969.801786 1698.758190
2021 07 22 11 59 00 5782720.013749 -2366969.788758 1698.759300 0.010000 0.010000 0.010180 0.000000 5782719.988395 -2366969.808281 1698.759300
2021 07 23 11 59 00 5782720.012440 -2366969.792640 1698.763800 0.010000 0.010000 0.010000 0.000000 5782719.987070 -2366969.812175 1698.763800
2021 07 24 11 59 00 5782720.022151 -2366969.789713 1698.762720 0.010000 0.010000 0.010000 0.000000 5782719.996766 -2366969.809260 1698.762720
2021 07 25 11 59 00 5782720.017692 -2366969.787496 1698.764810 0.010000 0.010000 0.010000 0.000000 5782719.992292 -2366969.807055 1698.764810
2021 07 27 11 59 00 5782720.010954 -2366969.793532 1698.747590 0.010000 0.010000 0.013610 0.000000 5782719.985523 -2366969.813114 1698.747590
2021 07 28 11 59 00 5782720.000975 -2366969.788415 1698.763540 0.010000 0.010000 0.010000 0.000000 5782719.975529 -2366969.808008 1698.763540
2021 07 29 11 59 00 5782720.012386 -2366969.795648 1698.753520 0.010000 0.010000 0.010000 0.000000 5782719.986925 -2366969.815253 1698.753520
2021 07 30 11 59 00 5782720.014397 -2366969.788990 1698.763070 0.010000 0.010000 0.010000 0.000000 5782719.988921 -2366969.808608 1698.763070
2021 07 31 11 59 00 5782720.022678 -2366969.789443 1698.754440 0.010000 0.010000 0.010000 0.000000 5782719.997186 -2366969.809072 1698.754440
2021 08 01 11 59 00 5782720.017819 -2366969.789756 1698.761400 0.010000 0.010000 0.010000 0.000000 5782719.992312 -2366969.809397 1698.761400
2021 08 02 11 59 00 5782720.001140 -2366969.787489 1698.757530 0.010000 0.010000 0.010000 0.000000 5782719.975618 -2366969.807141 1698.757530
2021 08 03 11 59 00 5782720.016171 -2366969.795542 1698.749940 0.010000 0.010000 0.010000 0.000000 5782719.990634 -2366969.815206 1698.749940
2021 08 04 11 59 00 5782720.015262 -2366969.796555 1698.757090 0.010000 0.010000 0.010000 0.000000 5782719.989709 -2366969.816231 1698.757090
2021 08 05 11 59 00 5782720.025453 -2366969.793368 1698.764290 0.010000 0.010000 0.010000 0.000000 5782719.999885 -2366969.813055 1698.764290
2021 08 06 11 59 00 5782720.004044 -2366969.792650 1698.765420 0.010000 0.010000 0.010000 0.000000 5782719.978461 -2366969.812350 1698.765420
2021 08 07 11 59 00 5782720.018605 -2366969.792023 1698.757840 0.010000 0.010000 0.010000 0.000000 5782719.993007 -2366969.811734 1698.757840
2021 08 08 11 59 00 5782720.005796 -2366969.794396 1698.764700 0.010000 0.010000 0.010000 0.000000 5782719.980182 -2366969.814119 1698.764700
2021 08 09 11 59 00 5782720.029257 -2366969.794259 1698.744100 0.010000 0.010000 0.010000 0.000000 5782720.003628 -2366969.813994 1698.744100
2021 08 10 11 59 00 5782720.017818 -2366969.788362 1698.753570 0.010000 0.010000 0.010000 0.000000 5782719.992174 -2366969.808108 1698.753570
2021 08 11 11 59 00 5782720.017919 -2366969.794425 1698.752480 0.010000 0.010000 0.010000 0.000000 5782719.992260 -2366969.814183 1698.752480
2021 08 12 11 59 00 5782720.020160 -2366969.790908 1698.759460 0.010000 0.010000 0.010000 0.000000 5782719.994485 -2366969.810677 1698.759460
2021 08 13 11 59 00 5782720.012761 -2366969.790000 1698.752340 0.010000 0.010000 0.010000 0.000000 5782719.987071 -2366969.809782 1698.752340
2021 08 14 11 59 00 5782720.022762 -2366969.792853 1698.744230 0.010000 0.010000 0.010000 0.000000 5782719.997057 -2366969.812646 1698.744230
2021 08 15 11 59 00 5782720.017583 -2366969.792266 1698.757790 0.010000 0.010000 0.010000 0.000000 5782719.991863 -2366969.812071 1698.757790
2021 08 17 11 59 00 5782720.004025 -2366969.803762 1698.777740 0.010000 0.010000 0.010000 0.000000 5782719.978274 -2366969.823590 1698.777740
2021 08 18 11 59 00 5782720.007536 -2366969.796845 1698.773450 0.010000 0.010000 0.010000 0.000000 5782719.981770 -2366969.816685 1698.773450
2021 08 19 11 59 00 5782720.018747 -2366969.795658 1698.763330 0.010000 0.010000 0.010000 0.000000 5782719.992966 -2366969.815509 1698.763330
2021 08 20 11 59 00 5782720.015268 -2366969.799800 1698.759760 0.010000 0.010000 0.010000 0.000000 5782719.989471 -2366969.819664 1698.759760
2021 08 21 11 59 00 5782720.014829 -2366969.797983 1698.754940 0.010000 0.010000 0.010000 0.000000 5782719.989017 -2366969.817859 1698.754940
2021 08 22 11 59 00 5782720.004860 -2366969.809356 1698.783500 0.010000 0.010000 0.010000 0.000000 5782719.979033 -2366969.829243 1698.783500
2021 08 23 11 59 00 5782720.015141 -2366969.800219 1698.755830 0.010000 0.010000 0.010000 0.000000 5782719.989299 -2366969.820118 1698.755830
2021 08 24 11 59 00 5782720.015992 -2366969.799182 1698.762280 0.010000 0.010000 0.010000 0.000000 5782719.990134 -2366969.819092 1698.762280
2021 08 26 11 59 00 5782720.009714 -2366969.792187 1698.749710 0.010000 0.010000 0.010000 0.000000 5782719.983826 -2366969.812122 1698.749710
2021 08 27 11 59 00 5782720.014945 -2366969.802840 1698.757780 0.010000 0.010000 0.010000 0.000000 5782719.989042 -2366969.822786 1698.757780
2021 08 28 11 59 00 5782720.029096 -2366969.800263 1698.771110 0.010000 0.010000 0.010000 0.000000 5782720.003177 -2366969.820221 1698.771110
2021 08 29 11 59 00 5782720.015777 -2366969.801006 1698.747630 0.010000 0.010000 0.010000 0.000000 5782719.989843 -2366969.820975 1698.747630
2021 08 30 11 59 00 5782720.016018 -2366969.799729 1698.740120 0.010000 0.010000 0.010000 0.000000 5782719.990069 -2366969.819710 1698.740120
2021 08 31 11 59 00 5782720.016939 -2366969.797992 1698.737840 0.010000 0.010000 0.010000 0.000000 5782719.990975 -2366969.817985 1698.737840
2021 09 01 11 59 00 5782720.010760 -2366969.804515 1698.769960 0.010000 0.010000 0.010000 0.000000 5782719.984780 -2366969.824519 1698.769960
2021 09 02 11 59 00 5782720.016741 -2366969.797477 1698.738520 0.010000 0.010000 0.010000 0.000000 5782719.990746 -2366969.817494 1698.738520
2021 09 03 11 59 00 5782720.018512 -2366969.796070 1698.741810 0.010000 0.010000 0.010000 0.000000 5782719.992502 -2366969.816098 1698.741810
2021 09 04 11 59 00 5782720.018873 -2366969.795773 1698.741740 0.010000 0.010000 0.010000 0.000000 5782719.992848 -2366969.815813 1698.741740
2021 09 05 11 59 00 5782720.020404 -2366969.795466 1698.749580 0.010000 0.010000 0.010000 0.000000 5782719.994363 -2366969.815518 1698.749580
2021 09 06 11 59 00 5782720.028005 -2366969.795139 1698.753070 0.010000 0.010000 0.010000 0.000000 5782720.001949 -2366969.815202 1698.753070
2021 09 07 11 59 00 5782720.020016 -2366969.794582 1698.741830 0.010000 0.010000 0.010000 0.000000 5782719.993945 -2366969.814657 1698.741830
2021 09 08 11 59 00 5782720.019827 -2366969.803935 1698.750620 0.010000 0.010000 0.010000 0.000000 5782719.993741 -2366969.824021 1698.750620
2021 09 09 11 59 00 5782720.020208 -2366969.796307 1698.748460 0.010000 0.010000 0.010000 0.000000 5782719.994106 -2366969.816406 1698.748460
2021 09 10 11 59 00 5782720.016749 -2366969.796200 1698.746430 0.010000 0.010000 0.010000 0.000000 5782719.990632 -2366969.816311 1698.746430
2021 09 11 11 59 00 5782720.012290 -2366969.803343 1698.783670 0.010000 0.010000 0.010000 0.000000 5782719.986158 -2366969.823465 1698.783670
2021 09 12 11 59 00 5782720.010621 -2366969.809356 1698.768390 0.010000 0.010000 0.010000 0.000000 5782719.984474 -2366969.829490 1698.768390
2021 09 13 11 59 00 5782720.018762 -2366969.795579 1698.740130 0.010000 0.010000 0.010000 0.000000 5782719.992599 -2366969.815724 1698.740130
2021 09 14 11 59 00 5782720.015063 -2366969.799482 1698.750830 0.010000 0.010000 0.010000 0.000000 5782719.988885 -2366969.819639 1698.750830
2021 09 15 11 59 00 5782720.020044 -2366969.793715 1698.734280 0.010000 0.010000 0.010000 0.000000 5782719.993851 -2366969.813883 1698.734280
2021 09 16 11 59 00 5782720.021125 -2366969.801937 1698.752780 0.010000 0.010000 0.010000 0.000000 5782719.994917 -2366969.822118 1698.752780
2021 09 17 11 59 00 5782720.014896 -2366969.795350 1698.748900 0.010000 0.010000 0.010000 0.000000 5782719.988672 -2366969.815543 1698.748900
2021 09 18 11 59 00 5782720.016947 -2366969.797443 1698.722090 0.010000 0.010000 0.011390 0.000000 5782719.990708 -2366969.817647 1698.722090
2021 09 19 11 59 00 5782720.019328 -2366969.799756 1698.735920 0.010000 0.010000 0.010000 0.000000 5782719.993074 -2366969.819972 1698.735920
2021 09 20 11 59 00 5782720.014799 -2366969.801639 1698.750260 0.010000 0.010000 0.010000 0.000000 5782719.988529 -2366969.821866 1698.750260
2021 09 21 11 59 00 5782720.015300 -2366969.798092 1698.745300 0.010000 0.010000 0.010000 0.000000 5782719.989015 -2366969.818331 1698.745300
2021 09 22 11 59 00 5782720.021831 -2366969.804025 1698.752550 0.010000 0.010000 0.010000 0.000000 5782719.995531 -2366969.824276 1698.752550
2021 09 23 11 59 00 5782720.012622 -2366969.799307 1698.738780 0.010000 0.010000 0.010000 0.000000 5782719.986307 -2366969.819570 1698.738780
2021 09 24 11 59 00 5782720.018873 -2366969.800900 1698.755110 0.010000 0.010000 0.010000 0.000000 5782719.992542 -2366969.821175 1698.755110
2021 09 25 11 59 00 5782720.014264 -2366969.804813 1698.753760 0.010000 0.010000 0.010000 0.000000 5782719.987918 -2366969.825099 1698.753760
2021 09 26 11 59 00 5782720.017195 -2366969.797856 1698.742210 0.010000 0.010000 0.010000 0.000000 5782719.990834 -2366969.818154 1698.742210
2021 09 27 11 59 00 5782720.011616 -2366969.798159 1698.745570 0.010000 0.010000 0.012130 0.000000 5782719.985240 -2366969.818469 1698.745570
2021 09 28 11 59 00 5782720.028367 -2366969.795722 1698.735960 0.010000 0.010000 0.010000 0.000000 5782720.001975 -2366969.816043 1698.735960
2021 09 29 11 59 00 5782720.021428 -2366969.796205 1698.739060 0.010000 0.010000 0.010000 0.000000 5782719.995021 -2366969.816538 1698.739060
2021 09 30 11 59 00 5782720.034179 -2366969.803147 1698.753380 0.010000 0.010000 0.010000 0.000000 5782720.007757 -2366969.823492 1698.753380
2021 10 01 11 59 00 5782720.027950 -2366969.800910 1698.750720 0.010000 0.010000 0.010000 0.000000 5782720.001513 -2366969.821267 1698.750720
2021 10 02 11 59 00 5782720.036061 -2366969.800343 1698.751400 0.010000 0.010000 0.010000 0.000000 5782720.009608 -2366969.820712 1698.751400
2021 10 03 11 59 00 5782720.018982 -2366969.801976 1698.740360 0.010000 0.010000 0.010000 0.000000 5782719.992514 -2366969.822356 1698.740360
2021 10 04 11 59 00 5782720.030873 -2366969.795169 1698.747190 0.010000 0.010000 0.010000 0.000000 5782720.004390 -2366969.815561 1698.747190
2021 10 05 11 59 00 5782720.024214 -2366969.801042 1698.734650 0.010000 0.010000 0.010000 0.000000 5782719.997716 -2366969.821445 1698.734650
2021 10 06 11 59 00 5782720.023635 -2366969.796065 1698.733110 0.010000 0.010000 0.010000 0.000000 5782719.997121 -2366969.816480 1698.733110
2021 10 07 11 59 00 5782720.023696 -2366969.799167 1698.739200 0.010000 0.010000 0.013590 0.000000 5782719.997167 -2366969.819595 1698.739200
2021 10 08 11 59 00 5782720.020417 -2366969.797730 1698.742310 0.010000 0.010000 0.010000 0.000000 5782719.993873 -2366969.818169 1698.742310
2021 10 09 11 59 00 5782720.037018 -2366969.803943 1698.761860 0.010000 0.010000 0.010000 0.000000 5782720.010459 -2366969.824394 1698.761860
2021 10 11 11 59 00 5782720.026640 -2366969.801729 1698.749870 0.010000 0.010000 0.010000 0.000000 5782720.000050 -2366969.822203 1698.749870
2021 10 12 11 59 00 5782720.025901 -2366969.801222 1698.739480 0.010000 0.010000 0.011310 0.000000 5782719.999296 -2366969.821708 1698.739480
2021 10 13 11 59 00 5782720.023522 -2366969.801344 1698.732350 0.010000 0.010000 0.010000 0.000000 5782719.996902 -2366969.821842 1698.732350
2021 10 14 11 59 00 5782720.024763 -2366969.796067 1698.732560 0.010000 0.010000 0.010000 0.000000 5782719.998127 -2366969.816577 1698.732560
2021 10 15 11 59 00 5782720.026724 -2366969.803570 1698.739570 0.010000 0.010000 0.010000 0.000000 5782720.000073 -2366969.824091 1698.739570
2021 10 16 11 59 00 5782720.017125 -2366969.797603 1698.734700 0.010000 0.010000 0.010000 0.000000 5782719.990459 -2366969.818136 1698.734700
2021 10 17 11 59 00 5782720.025616 -2366969.800866 1698.731860 0.010000 0.010000 0.010000 0.000000 5782719.998935 -2366969.821410 1698.731860
2021 10 18 11 59 00 5782720.021727 -2366969.803329 1698.734280 0.010000 0.010000 0.010000 0.000000 5782719.995030 -2366969.823885 1698.734280
2021 10 19 11 59 00 5782720.026278 -2366969.808322 1698.727180 0.010000 0.010000 0.010000 0.000000 5782719.999566 -2366969.828890 1698.727180
2021 10 20 11 59 00 5782720.025539 -2366969.806674 1698.725180 0.010000 0.010000 0.010000 0.000000 5782719.998812 -2366969.827254 1698.725180
2021 10 21 11 59 00 5782720.028400 -2366969.801247 1698.735760 0.010000 0.010000 0.010000 0.000000 5782720.001658 -2366969.821839 1698.735760
2021 10 22 11 59 00 5782720.013521 -2366969.806490 1698.730320 0.010000 0.010000 0.010130 0.000000 5782719.986763 -2366969.827093 1698.730320
2021 10 23 11 59 00 5782720.030672 -2366969.808933 1698.717210 0.010000 0.010000 0.010000 0.000000 5782720.003899 -2366969.829548 1698.717210
2021 10 24 11 59 00 5782720.032323 -2366969.807496 1698.715270 0.010000 0.010000 0.010000 0.000000 5782720.005535 -2366969.828123 1698.715270
2021 10 25 11 59 00 5782720.024804 -2366969.807769 1698.729730 0.010000 0.010000 0.010000 0.000000 5782719.998001 -2366969.828407 1698.729730
2021 10 26 11 59 00 5782720.024255 -2366969.808652 1698.735330 0.010000 0.010000 0.010000 0.000000 5782719.997436 -2366969.829302 1698.735330
2021 10 27 11 59 00 5782720.032946 -2366969.809254 1698.729240 0.010000 0.010000 0.010000 0.000000 5782720.006112 -2366969.829916 1698.729240
2021 10 28 11 59 00 5782720.023987 -2366969.808287 1698.712120 0.010000 0.010000 0.011750 0.000000 5782719.997138 -2366969.828961 1698.712120
2021 10 29 11 59 00 5782720.017448 -2366969.809950 1698.730640 0.010000 0.010000 0.010000 0.000000 5782719.990584 -2366969.830636 1698.730640
2021 10 30 11 59 00 5782720.028599 -2366969.811533 1698.738440 0.010000 0.010000 0.010000 0.000000 5782720.001719 -2366969.832230 1698.738440
2021 10 31 11 59 00 5782720.046759 -2366969.812956 1698.719970 0.010000 0.010000 0.010000 0.000000 5782720.019865 -2366969.833665 1698.719970
2021 11 01 11 59 00 5782720.026140 -2366969.804189 1698.719580 0.010000 0.010000 0.010000 0.000000 5782719.999231 -2366969.824909 1698.719580
2021 11 02 11 59 00 5782720.037461 -2366969.818392 1698.713670 0.010000 0.010000 0.010000 0.000000 5782720.010537 -2366969.839124 1698.713670
2021 11 03 11 59 00 5782720.032572 -2366969.808074 1698.705720 0.010000 0.010000 0.010000 0.000000 5782720.005632 -2366969.828819 1698.705720
2021 11 04 11 59 00 5782720.046283 -2366969.816317 1698.721640 0.010000 0.010000 0.010000 0.000000 5782720.019328 -2366969.837073 1698.721640
2021 11 05 11 59 00 5782720.025054 -2366969.812090 1698.736180 0.010000 0.010000 0.010000 0.000000 5782719.998084 -2366969.832858 1698.736180
2021 11 06 11 59 00 5782720.069755 -2366969.781883 1698.618280 0.010000 0.010000 0.023170 0.000000 5782720.042770 -2366969.802662 1698.618280
2021 11 07 11 59 00 5782720.026386 -2366969.801326 1698.714530 0.010000 0.010000 0.010000 0.000000 5782719.999385 -2366969.822117 1698.714530
2021 11 08 11 59 00 5782720.025517 -2366969.808229 1698.724480 0.010000 0.010000 0.010000 0.000000 5782719.998501 -2366969.829032 1698.724480
2021 11 10 11 59 00 5782720.032529 -2366969.815614 1698.729730 0.010000 0.010000 0.010000 0.000000 5782720.005483 -2366969.836441 1698.729730
2021 11 11 11 59 00 5782720.043250 -2366969.811337 1698.735690 0.010000 0.010000 0.010000 0.000000 5782720.016188 -2366969.832175 1698.735690
2021 11 12 11 59 00 5782720.033851 -2366969.820220 1698.727000 0.010000 0.010000 0.010000 0.000000 5782720.006774 -2366969.841070 1698.727000
2021 11 13 11 59 00 5782720.029122 -2366969.813023 1698.732820 0.010000 0.010000 0.010000 0.000000 5782720.002030 -2366969.833885 1698.732820
2021 11 14 11 59 00 5782720.028483 -2366969.814006 1698.727970 0.010000 0.010000 0.010000 0.000000 5782720.001376 -2366969.834879 1698.727970
2021 11 15 11 59 00 5782720.028184 -2366969.804669 1698.716810 0.010000 0.010000 0.010000 0.000000 5782720.001061 -2366969.825554 1698.716810
2021 11 16 11 59 00 5782720.030265 -2366969.814952 1698.723760 0.010000 0.010000 0.010000 0.000000 5782720.003127 -2366969.835848 1698.723760
2021 11 17 11 59 00 5782720.030096 -2366969.800654 1698.707840 0.010000 0.010000 0.010000 0.000000 5782720.002943 -2366969.821563 1698.707840
2021 11 18 11 59 00 5782720.027647 -2366969.807757 1698.712060 0.010000 0.010000 0.010000 0.000000 5782720.000479 -2366969.828677 1698.712060
2021 11 19 11 59 00 5782720.030638 -2366969.814560 1698.730990 0.010000 0.010000 0.010000 0.000000 5782720.003454 -2366969.835492 1698.730990
2021 11 20 11 59 00 5782720.021689 -2366969.802993 1698.706180 0.010000 0.010000 0.010000 0.000000 5782719.994490 -2366969.823937 1698.706180
2021 11 21 11 59 00 5782720.036750 -2366969.815386 1698.734890 0.010000 0.010000 0.010000 0.000000 5782720.009536 -2366969.836341 1698.734890
2021 11 22 11 59 00 5782720.042981 -2366969.815689 1698.742340 0.010000 0.010000 0.010000 0.000000 5782720.015752 -2366969.836656 1698.742340
2021 11 23 11 59 00 5782720.027612 -2366969.808612 1698.732460 0.010000 0.010000 0.010000 0.000000 5782720.000367 -2366969.829590 1698.732460
2021 11 24 11 59 00 5782720.033433 -2366969.815604 1698.738280 0.010000 0.010000 0.010000 0.000000 5782720.006173 -2366969.836595 1698.738280
2021 11 25 11 59 00 5782720.041124 -2366969.811107 1698.738120 0.010000 0.010000 0.010000 0.000000 5782720.013849 -2366969.832110 1698.738120
2021 11 26 11 59 00 5782720.035155 -2366969.814320 1698.738690 0.010000 0.010000 0.010000 0.000000 5782720.007864 -2366969.835334 1698.738690
2021 11 27 11 59 00 5782720.031136 -2366969.812903 1698.733630 0.010000 0.010000 0.010000 0.000000 5782720.003830 -2366969.833929 1698.733630
2021 11 28 11 59 00 5782720.026047 -2366969.811846 1698.744460 0.010000 0.010000 0.010000 0.000000 5782719.998726 -2366969.832883 1698.744460
2021 11 29 11 59 00 5782720.028088 -2366969.814639 1698.745820 0.010000 0.010000 0.010000 0.000000 5782720.000752 -2366969.835688 1698.745820
2021 11 30 11 59 00 5782720.030479 -2366969.807711 1698.725620 0.010000 0.010000 0.010000 0.000000 5782720.003127 -2366969.828773 1698.725620
2021 12 01 11 59 00 5782720.026990 -2366969.808554 1698.724660 0.010000 0.010000 0.010000 0.000000 5782719.999623 -2366969.829627 1698.724660
2021 12 02 11 59 00 5782720.043271 -2366969.815087 1698.748960 0.010000 0.010000 0.010000 0.000000 5782720.015889 -2366969.836172 1698.748960
2021 12 03 11 59 00 5782720.029502 -2366969.813080 1698.725790 0.010000 0.010000 0.010000 0.000000 5782720.002105 -2366969.834176 1698.725790
2021 12 04 11 59 00 5782720.050453 -2366969.814583 1698.715970 0.010000 0.010000 0.010000 0.000000 5782720.023040 -2366969.835691 1698.715970
2021 12 05 11 59 00 5782720.026774 -2366969.815416 1698.731970 0.010000 0.010000 0.010000 0.000000 5782719.999346 -2366969.836536 1698.731970
2021 12 06 11 59 00 5782720.030585 -2366969.819829 1698.749380 0.010000 0.010000 0.010000 0.000000 5782720.003142 -2366969.840960 1698.749380
2021 12 07 11 59 00 5782720.030536 -2366969.810451 1698.736580 0.010000 0.010000 0.010000 0.000000 5782720.003078 -2366969.831595 1698.736580
2021 12 08 11 59 00 5782720.033067 -2366969.815644 1698.740660 0.010000 0.010000 0.010000 0.000000 5782720.005593 -2366969.836799 1698.740660
2021 12 09 11 59 00 5782720.030938 -2366969.817247 1698.726440 0.010000 0.010000 0.010000 0.000000 5782720.003449 -2366969.838414 1698.726440
2021 12 10 11 59 00 5782720.029649 -2366969.814040 1698.739400 0.010000 0.010000 0.010000 0.000000 5782720.002145 -2366969.835219 1698.739400
2021 12 11 11 59 00 5782720.042320 -2366969.817413 1698.741250 0.010000 0.010000 0.010000 0.000000 5782720.014801 -2366969.838603 1698.741250
2021 12 12 11 59 00 5782720.032441 -2366969.811866 1698.737600 0.010000 0.010000 0.010000 0.000000 5782720.004906 -2366969.833068 1698.737600
2021 12 13 11 59 00 5782720.027592 -2366969.814439 1698.739880 0.010000 0.010000 0.010000 0.000000 5782720.000042 -2366969.835652 1698.739880
2021 12 14 11 59 00 5782720.028993 -2366969.812811 1698.740160 0.010000 0.010000 0.010000 0.000000 5782720.001428 -2366969.834037 1698.740160
2021 12 15 11 59 00 5782720.025244 -2366969.819194 1698.739680 0.010000 0.010000 0.010000 0.000000 5782719.997664 -2366969.840432 1698.739680
2021 12 16 11 59 00 5782720.044375 -2366969.809697 1698.744000 0.010000 0.010000 0.010000 0.000000 5782720.016779 -2366969.830946 1698.744000
2021 12 17 11 59 00 5782720.044056 -2366969.808770 1698.725960 0.010000 0.010000 0.010000 0.000000 5782720.016445 -2366969.830031 1698.725960
2021 12 18 11 59 00 5782720.030547 -2366969.807453 1698.741230 0.010000 0.010000 0.010000 0.000000 5782720.002921 -2366969.828725 1698.741230
2021 12 19 11 59 00 5782720.039998 -2366969.813516 1698.745450 0.010000 0.010000 0.010000 0.000000 5782720.012357 -2366969.834800 1698.745450
2021 12 20 11 59 00 5782720.032349 -2366969.816859 1698.735940 0.010000 0.010000 0.010000 0.000000 5782720.004692 -2366969.838155 1698.735940
2021 12 21 11 59 00 5782720.032410 -2366969.816011 1698.739930 0.010000 0.010000 0.010000 0.000000 5782720.004738 -2366969.837319 1698.739930
2021 12 22 11 59 00 5782720.039581 -2366969.816334 1698.727770 0.010000 0.010000 0.010000 0.000000 5782720.011894 -2366969.837654 1698.727770
2021 12 23 11 59 00 5782720.040012 -2366969.807647 1698.721440 0.010000 0.010000 0.010000 0.000000 5782720.012310 -2366969.828978 1698.721440
2021 12 24 11 59 00 5782720.041173 -2366969.812460 1698.733290 0.010000 0.010000 0.010000 0.000000 5782720.013455 -2366969.833803 1698.733290
2021 12 25 11 59 00 5782720.038184 -2366969.804383 1698.726010 0.010000 0.010000 0.010000 0.000000 5782720.010451 -2366969.825737 1698.726010
2021 12 26 11 59 00 5782720.041275 -2366969.810366 1698.713840 0.010000 0.010000 0.010000 0.000000 5782720.013527 -2366969.831732 1698.713840
2021 12 27 11 59 00 5782720.046596 -2366969.815439 1698.724200 0.010000 0.010000 0.010000 0.000000 5782720.018833 -2366969.836817 1698.724200
2021 12 28 11 59 00 5782720.034707 -2366969.816791 1698.728880 0.010000 0.010000 0.010000 0.000000 5782720.006928 -2366969.838181 1698.728880
2021 12 30 11 59 00 5782720.029499 -2366969.804187 1698.712530 0.010000 0.010000 0.010000 0.000000 5782720.001690 -2366969.825600 1698.712530
2021 12 31 11 59 00 5782720.044820 -2366969.814880 1698.732310 0.010000 0.010000 0.010000 0.000000 5782720.016996 -2366969.836305 1698.732310
2022 01 01 11 59 00 5782720.048281 -2366969.812693 1698.730920 0.010000 0.010000 0.010000 0.000000 5782720.020441 -2366969.834130 1698.730920
2022 01 02 11 59 00 5782720.039482 -2366969.807796 1698.723660 0.010000 0.010000 0.010000 0.000000 5782720.011627 -2366969.829244 1698.723660
2022 01 03 11 59 00 5782720.037333 -2366969.814249 1698.734710 0.010000 0.010000 0.010000 0.000000 5782720.009463 -2366969.835709 1698.734710
2022 01 04 11 59 00 5782720.039754 -2366969.815701 1698.727470 0.010000 0.010000 0.010000 0.000000 5782720.011869 -2366969.837173 1698.727470
2022 01 05 11 59 00 5782720.041655 -2366969.816714 1698.730290 0.010000 0.010000 0.010000 0.000000 5782720.013754 -2366969.838198 1698.730290
2022 01 06 11 59 00 5782720.038896 -2366969.816017 1698.717900 0.010000 0.010000 0.010000 0.000000 5782720.010980 -2366969.837513 1698.717900
2022 01 07 11 59 00 5782720.043457 -2366969.807180 1698.731200 0.010000 0.010000 0.010000 0.000000 5782720.015526 -2366969.828687 1698.731200
2022 01 08 11 59 00 5782720.041878 -2366969.807643 1698.736680 0.010000 0.010000 0.010000 0.000000 5782720.013932 -2366969.829162 1698.736680
2022 01 09 11 59 00 5782720.032659 -2366969.808746 1698.741920 0.010000 0.010000 0.011220 0.000000 5782720.004697 -2366969.830276 1698.741920
2022 01 10 11 59 00 5782720.036680 -2366969.811769 1698.720250 0.010000 0.010000 0.010000 0.000000 5782720.008703 -2366969.833311 1698.720250
2022 01 11 11 59 00 5782720.026991 -2366969.808071 1698.712020 0.010000 0.010000 0.010000 0.000000 5782719.998999 -2366969.829626 1698.712020
2022 01 12 11 59 00 5782720.035292 -2366969.806784 1698.715880 0.010000 0.010000 0.010000 0.000000 5782720.007285 -2366969.828350 1698.715880
2022 01 13 11 59 00 5782720.046703 -2366969.808697 1698.712410 0.010000 0.010000 0.010000 0.000000 5782720.018680 -2366969.830275 1698.712410
2022 01 14 11 59 00 NaN NaN NaN 1.533060 0.088120 1.541370 NaN NaN NaN NaN
2022 01 15 11 59 00 5782720.033455 -2366969.805383 1698.716020 0.010000 0.010000 0.010000 0.000000 5782720.005402 -2366969.826984 1698.716020
2022 01 16 11 59 00 5782720.039076 -2366969.801136 1698.720190 0.010000 0.010000 0.010000 0.000000 5782720.011008 -2366969.822749 1698.720190
2022 01 17 11 59 00 5782720.034187 -2366969.801728 1698.724570 0.010000 0.010000 0.010000 0.000000 5782720.006103 -2366969.823353 1698.724570
2022 01 18 11 59 00 5782720.043328 -2366969.807481 1698.719010 0.010000 0.010000 0.010000 0.000000 5782720.015229 -2366969.829118 1698.719010
2022 01 19 11 59 00 5782720.047519 -2366969.809194 1698.718360 0.010000 0.010000 0.010000 0.000000 5782720.019405 -2366969.830842 1698.718360
2022 01 20 11 59 00 5782720.036150 -2366969.806517 1698.719000 0.010000 0.010000 0.010000 0.000000 5782720.008021 -2366969.828177 1698.719000
2022 01 21 11 59 00 5782720.037811 -2366969.808750 1698.730000 0.010000 0.010000 0.010000 0.000000 5782720.009666 -2366969.830422 1698.730000
2022 01 22 11 59 00 5782720.035652 -2366969.809533 1698.734060 0.010000 0.010000 0.010000 0.000000 5782720.007492 -2366969.831216 1698.734060
2022 01 23 11 59 00 5782720.043263 -2366969.806966 1698.717740 0.010000 0.010000 0.010000 0.000000 5782720.015088 -2366969.828661 1698.717740
2022 01 24 11 59 00 5782720.030424 -2366969.823978 1698.741890 0.010000 0.010000 0.014620 0.000000 5782720.002234 -2366969.845685 1698.741890
2022 01 25 11 59 00 5782720.040085 -2366969.806701 1698.715290 0.010000 0.010000 0.010000 0.000000 5782720.011879 -2366969.828420 1698.715290
2022 01 26 11 59 00 5782720.036456 -2366969.811434 1698.718210 0.010000 0.010000 0.010000 0.000000 5782720.008235 -2366969.833164 1698.718210
2022 01 27 11 59 00 5782720.037357 -2366969.810957 1698.716890 0.010000 0.010000 0.010000 0.000000 5782720.009121 -2366969.832699 1698.716890
2022 01 28 11 59 00 5782720.032578 -2366969.806890 1698.711440 0.010000 0.010000 0.010000 0.000000 5782720.004327 -2366969.828644 1698.711440
2022 01 29 11 59 00 5782720.037999 -2366969.808833 1698.719760 0.010000 0.010000 0.010000 0.000000 5782720.009732 -2366969.830598 1698.719760
2022 01 30 11 59 00 5782720.042980 -2366969.810806 1698.715320 0.010000 0.010000 0.010000 0.000000 5782720.014698 -2366969.832583 1698.715320
2022 01 31 11 59 00 5782720.040451 -2366969.813948 1698.725110 0.010000 0.010000 0.010000 0.000000 5782720.012154 -2366969.835737 1698.725110
2022 02 01 11 59 00 5782720.041442 -2366969.809471 1698.737170 0.010000 0.010000 0.014720 0.000000 5782720.013129 -2366969.831272 1698.737170
2022 02 02 11 59 00 5782720.038583 -2366969.811214 1698.737250 0.010000 0.010000 0.010000 0.000000 5782720.010255 -2366969.833027 1698.737250
2022 02 03 11 59 00 5782720.028964 -2366969.813827 1698.734920 0.010000 0.010000 0.010000 0.000000 5782720.000621 -2366969.835651 1698.734920
2022 02 04 11 59 00 5782720.038865 -2366969.809210 1698.772800 0.010000 0.010000 0.026320 0.000000 5782720.010507 -2366969.831046 1698.772800
2022 02 05 11 59 00 5782720.033406 -2366969.822253 1698.725400 0.010000 0.010000 0.010000 0.000000 5782720.005032 -2366969.844100 1698.725400
2022 02 06 11 59 00 5782720.033227 -2366969.807106 1698.717610 0.010000 0.010000 0.010000 0.000000 5782720.004838 -2366969.828965 1698.717610
2022 02 07 11 59 00 5782720.035958 -2366969.812428 1698.713240 0.010000 0.010000 0.010000 0.000000 5782720.007554 -2366969.834300 1698.713240
2022 02 08 11 59 00 5782720.035519 -2366969.818621 1698.717980 0.010000 0.010000 0.010000 0.000000 5782720.007100 -2366969.840504 1698.717980
2022 02 09 11 59 00 5782720.036290 -2366969.818634 1698.719920 0.010000 0.010000 0.010000 0.000000 5782720.007855 -2366969.840529 1698.719920
2022 02 10 11 59 00 5782720.037991 -2366969.818147 1698.708580 0.010000 0.010000 0.010000 0.000000 5782720.009541 -2366969.840053 1698.708580
2022 02 11 11 59 00 5782720.034622 -2366969.818800 1698.714760 0.010000 0.010000 0.010000 0.000000 5782720.006157 -2366969.840718 1698.714760
2022 02 12 11 59 00 5782720.033853 -2366969.814313 1698.700470 0.010000 0.010000 0.010000 0.000000 5782720.005373 -2366969.836243 1698.700470
2022 02 13 11 59 00 5782720.037764 -2366969.815956 1698.715370 0.010000 0.010000 0.010000 0.000000 5782720.009268 -2366969.837897 1698.715370
2022 02 14 11 59 00 5782720.037185 -2366969.812038 1698.708920 0.010000 0.010000 0.010000 0.000000 5782720.008674 -2366969.833992 1698.708920
2022 02 15 11 59 00 5782720.036466 -2366969.816791 1698.706140 0.010000 0.010000 0.010000 0.000000 5782720.007940 -2366969.838756 1698.706140
2022 02 16 11 59 00 5782720.038857 -2366969.819644 1698.733880 0.010000 0.010000 0.010000 0.000000 5782720.010316 -2366969.841621 1698.733880
2022 02 17 11 59 00 5782720.040188 -2366969.817107 1698.725900 0.010000 0.010000 0.010000 0.000000 5782720.011631 -2366969.839096 1698.725900
2022 02 18 11 59 00 5782720.035909 -2366969.811670 1698.720280 0.010000 0.010000 0.010000 0.000000 5782720.007337 -2366969.833670 1698.720280
2022 02 19 11 59 00 5782720.035680 -2366969.818533 1698.705000 0.010000 0.010000 0.013810 0.000000 5782720.007093 -2366969.840545 1698.705000
2022 02 20 11 59 00 5782720.041931 -2366969.814656 1698.724170 0.010000 0.010000 0.010180 0.000000 5782720.013329 -2366969.836679 1698.724170
2022 02 21 11 59 00 5782720.040152 -2366969.826648 1698.720080 0.010000 0.010000 0.011870 0.000000 5782720.011534 -2366969.848684 1698.720080
2022 02 22 11 59 00 5782720.023323 -2366969.821001 1698.714980 0.010000 0.010000 0.010000 0.000000 5782719.994690 -2366969.843049 1698.714980
2022 02 23 11 59 00 5782720.044404 -2366969.814584 1698.717310 0.010000 0.010000 0.010000 0.000000 5782720.015756 -2366969.836643 1698.717310
2022 02 24 11 59 00 5782720.046325 -2366969.817227 1698.713570 0.010000 0.010000 0.010000 0.000000 5782720.017662 -2366969.839298 1698.713570
2022 02 25 11 59 00 5782720.036366 -2366969.814100 1698.717340 0.010000 0.010000 0.010000 0.000000 5782720.007687 -2366969.836182 1698.717340
2022 02 26 11 59 00 5782720.018877 -2366969.819763 1698.729090 0.010000 0.010000 0.010000 0.000000 5782719.990183 -2366969.841857 1698.729090
2022 02 27 11 59 00 5782720.048038 -2366969.814026 1698.709780 0.010000 0.010000 0.010000 0.000000 5782720.019329 -2366969.836131 1698.709780
2022 02 28 11 59 00 5782720.023629 -2366969.815128 1698.717930 0.010000 0.010000 0.010000 0.000000 5782719.994905 -2366969.837246 1698.717930
2022 03 01 11 59 00 5782720.034930 -2366969.814721 1698.696970 0.010000 0.010000 0.010000 0.000000 5782720.006190 -2366969.836851 1698.696970
2022 03 02 11 59 00 5782720.037311 -2366969.817324 1698.709610 0.010000 0.010000 0.010000 0.000000 5782720.008556 -2366969.839465 1698.709610
2022 03 03 11 59 00 5782720.025202 -2366969.827207 1698.731680 0.010000 0.010000 0.011640 0.000000 5782719.996432 -2366969.849360 1698.731680
2022 03 04 11 59 00 5782720.039653 -2366969.812330 1698.714970 0.010000 0.010000 0.010000 0.000000 5782720.010868 -2366969.834494 1698.714970
2022 03 05 11 59 00 5782720.034234 -2366969.820703 1698.707160 0.010000 0.010000 0.010000 0.000000 5782720.005433 -2366969.842879 1698.707160
2022 03 06 11 59 00 5782720.038345 -2366969.820246 1698.726990 0.010000 0.010000 0.010000 0.000000 5782720.009529 -2366969.842434 1698.726990
2022 03 07 11 59 00 5782720.028366 -2366969.812798 1698.721720 0.010000 0.010000 0.024180 0.000000 5782719.999535 -2366969.834998 1698.721720
2022 03 08 11 59 00 5782720.036477 -2366969.821981 1698.730200 0.010000 0.010000 0.010000 0.000000 5782720.007631 -2366969.844193 1698.730200
2022 03 09 11 59 00 5782720.031728 -2366969.819584 1698.709400 0.010000 0.010000 0.010000 0.000000 5782720.002866 -2366969.841807 1698.709400
2022 03 10 11 59 00 5782720.038019 -2366969.819507 1698.705150 0.010000 0.010000 0.010000 0.000000 5782720.009142 -2366969.841742 1698.705150
2022 03 11 11 59 00 5782720.028100 -2366969.814910 1698.731400 0.010000 0.010000 0.010000 0.000000 5782719.999208 -2366969.837157 1698.731400
2022 03 12 11 59 00 5782720.048110 -2366969.818453 1698.716100 0.010000 0.010000 0.010780 0.000000 5782720.019204 -2366969.840711 1698.716100
2022 03 13 11 59 00 5782720.043521 -2366969.818345 1698.724790 0.010000 0.010000 0.010000 0.000000 5782720.014599 -2366969.840616 1698.724790
2022 03 14 11 59 00 5782720.059572 -2366969.829388 1698.750150 0.010000 0.010000 0.011550 0.000000 5782720.030635 -2366969.851670 1698.750150
2022 03 15 11 59 00 5782720.049353 -2366969.821291 1698.709730 0.010000 0.010000 0.010000 0.000000 5782720.020401 -2366969.843585 1698.709730
2022 03 16 11 59 00 5782720.036984 -2366969.815664 1698.723790 0.010000 0.010000 0.010000 0.000000 5782720.008017 -2366969.837970 1698.723790
2022 03 17 11 59 00 5782720.036615 -2366969.816857 1698.709610 0.010000 0.010000 0.010000 0.000000 5782720.007632 -2366969.839174 1698.709610
2022 03 18 11 59 00 5782720.033546 -2366969.816750 1698.718100 0.010000 0.010000 0.010000 0.000000 5782720.004548 -2366969.839079 1698.718100
2022 03 19 11 59 00 5782720.042507 -2366969.819053 1698.710750 0.010000 0.010000 0.010000 0.000000 5782720.013494 -2366969.841393 1698.710750
2022 03 20 11 59 00 5782720.039688 -2366969.820915 1698.719340 0.010000 0.010000 0.010000 0.000000 5782720.010660 -2366969.843268 1698.719340
2022 03 21 11 59 00 5782720.034879 -2366969.819498 1698.720050 0.010000 0.010000 0.010000 0.000000 5782720.005835 -2366969.841863 1698.720050
2022 03 22 11 59 00 NaN NaN NaN 1.558380 0.089930 1.571330 NaN NaN NaN NaN
2022 03 23 11 59 00 5782720.038161 -2366969.826894 1698.741370 0.010000 0.010000 0.010000 0.000000 5782720.009087 -2366969.849282 1698.741370
2022 03 24 11 59 00 5782720.037182 -2366969.818237 1698.725320 0.010000 0.010000 0.010000 0.000000 5782720.008093 -2366969.840636 1698.725320
2022 03 25 11 59 00 5782720.027823 -2366969.821340 1698.714570 0.010000 0.010000 0.010000 0.000000 5782719.998718 -2366969.843751 1698.714570
2022 03 26 11 59 00 5782720.037654 -2366969.822443 1698.697500 0.010000 0.010000 0.010000 0.000000 5782720.008534 -2366969.844866 1698.697500
2022 03 27 11 59 00 5782720.039375 -2366969.820845 1698.715230 0.010000 0.010000 0.010000 0.000000 5782720.010240 -2366969.843280 1698.715230
2022 03 28 11 59 00 5782720.038816 -2366969.821688 1698.711110 0.010000 0.010000 0.010000 0.000000 5782720.009666 -2366969.844135 1698.711110
2022 03 29 11 59 00 5782720.041507 -2366969.814591 1698.731800 0.010000 0.010000 0.010830 0.000000 5782720.012341 -2366969.837049 1698.731800
2022 03 30 11 59 00 5782720.033958 -2366969.812654 1698.725460 0.010000 0.010000 0.010240 0.000000 5782720.004777 -2366969.835124 1698.725460
2022 03 31 11 59 00 5782720.037949 -2366969.816947 1698.718870 0.010000 0.010000 0.010000 0.000000 5782720.008753 -2366969.839428 1698.718870
2022 04 01 11 59 00 5782720.028030 -2366969.825180 1698.734070 0.010000 0.010000 0.014770 0.000000 5782719.998819 -2366969.847673 1698.734070
2022 04 02 11 59 00 5782720.039891 -2366969.826373 1698.712230 0.010000 0.010000 0.010000 0.000000 5782720.010664 -2366969.848878 1698.712230
2022 04 03 11 59 00 5782720.038182 -2366969.821675 1698.700290 0.010000 0.010000 0.010000 0.000000 5782720.008940 -2366969.844192 1698.700290
2022 04 04 11 59 00 5782720.038263 -2366969.816778 1698.710370 0.010000 0.010000 0.010000 0.000000 5782720.009006 -2366969.839307 1698.710370
2022 04 05 11 59 00 5782720.037854 -2366969.820411 1698.729940 0.010000 0.010000 0.010000 0.000000 5782720.008582 -2366969.842951 1698.729940
2022 04 06 11 59 00 5782720.041355 -2366969.821734 1698.697670 0.010000 0.010000 0.010000 0.000000 5782720.012067 -2366969.844286 1698.697670
2022 04 07 11 59 00 5782720.037406 -2366969.816797 1698.694000 0.010000 0.010000 0.010000 0.000000 5782720.008103 -2366969.839361 1698.694000
2022 04 08 11 59 00 5782720.039637 -2366969.824230 1698.704200 0.010000 0.010000 0.010000 0.000000 5782720.010319 -2366969.846805 1698.704200
2022 04 09 11 59 00 5782720.039008 -2366969.819873 1698.700330 0.010000 0.010000 0.010000 0.000000 5782720.009674 -2366969.842460 1698.700330
2022 04 10 11 59 00 5782720.036379 -2366969.823435 1698.706930 0.010000 0.010000 0.010000 0.000000 5782720.007030 -2366969.846034 1698.706930
2022 04 11 11 59 00 5782720.041040 -2366969.823658 1698.713310 0.010000 0.010000 0.010000 0.000000 5782720.011676 -2366969.846269 1698.713310
2022 04 12 11 59 00 5782720.043741 -2366969.817901 1698.721380 0.010000 0.010000 0.010000 0.000000 5782720.014362 -2366969.840524 1698.721380
2022 04 13 11 59 00 5782720.026222 -2366969.827924 1698.730810 0.010000 0.010000 0.011940 0.000000 5782719.996827 -2366969.850558 1698.730810
2022 04 14 11 59 00 5782720.042023 -2366969.823777 1698.706930 0.010000 0.010000 0.010000 0.000000 5782720.012613 -2366969.846423 1698.706930
2022 04 15 11 59 00 5782720.041934 -2366969.821890 1698.700330 0.010000 0.010000 0.010000 0.000000 5782720.012509 -2366969.844547 1698.700330
2022 04 16 11 59 00 5782720.044815 -2366969.818313 1698.702550 0.010000 0.010000 0.010000 0.000000 5782720.015375 -2366969.840982 1698.702550
2022 04 17 11 59 00 5782720.041896 -2366969.821575 1698.721240 0.010000 0.010000 0.015890 0.000000 5782720.012440 -2366969.844257 1698.721240
2022 04 18 11 59 00 5782720.039837 -2366969.827308 1698.720880 0.010000 0.010000 0.010000 0.000000 5782720.010366 -2366969.850001 1698.720880
2022 04 19 11 59 00 5782720.068568 -2366969.802571 1698.600360 0.010000 0.010000 0.018020 0.000000 5782720.039082 -2366969.825276 1698.600360
2022 04 20 11 59 00 5782720.044249 -2366969.829254 1698.725100 0.010000 0.010000 0.010000 0.000000 5782720.014748 -2366969.851970 1698.725100
2022 04 21 11 59 00 5782720.053860 -2366969.819297 1698.699760 0.010000 0.010000 0.010940 0.000000 5782720.024343 -2366969.842025 1698.699760
2022 04 22 11 59 00 5782720.064191 -2366969.829440 1698.671620 0.010000 0.010000 0.010000 0.000000 5782720.034659 -2366969.852180 1698.671620
2022 04 23 11 59 00 5782720.042852 -2366969.818903 1698.698620 0.010000 0.010000 0.010000 0.000000 5782720.013305 -2366969.841654 1698.698620
2022 04 24 11 59 00 5782720.053973 -2366969.830275 1698.696250 0.010000 0.010000 0.010000 0.000000 5782720.024411 -2366969.853039 1698.696250
2022 04 25 11 59 00 NaN NaN NaN 1.542180 0.088600 1.547950 NaN NaN NaN NaN
2022 04 26 11 59 00 5782720.042085 -2366969.825421 1698.697800 0.010000 0.010000 0.010000 0.000000 5782720.012492 -2366969.848208 1698.697800
2022 04 27 11 59 00 5782720.051486 -2366969.826774 1698.689690 0.010000 0.010000 0.010000 0.000000 5782720.021878 -2366969.849573 1698.689690
2022 04 28 11 59 00 5782720.048377 -2366969.824977 1698.693620 0.010000 0.010000 0.010000 0.000000 5782720.018754 -2366969.847787 1698.693620
2022 04 29 11 59 00 5782720.083668 -2366969.811590 1698.707380 0.010000 0.010000 0.010000 0.000000 5782720.054029 -2366969.834412 1698.707380
2022 04 30 11 59 00 5782720.052439 -2366969.829932 1698.678720 0.010000 0.010000 0.010000 0.000000 5782720.022785 -2366969.852766 1698.678720
2022 05 01 11 59 00 5782720.054800 -2366969.833535 1698.695920 0.010000 0.010000 0.010000 0.000000 5782720.025131 -2366969.856381 1698.695920
2022 05 02 11 59 00 5782720.074251 -2366969.819608 1698.668760 0.010000 0.010000 0.010000 0.000000 5782720.044567 -2366969.842466 1698.668760
2022 05 03 11 59 00 5782720.056322 -2366969.821981 1698.702970 0.010000 0.010000 0.010000 0.000000 5782720.026622 -2366969.844850 1698.702970
2022 05 04 11 59 00 5782720.069183 -2366969.823314 1698.703810 0.010000 0.010000 0.010520 0.000000 5782720.039468 -2366969.846195 1698.703810
2022 05 05 11 59 00 5782720.067794 -2366969.828177 1698.729740 0.010000 0.010000 0.010000 0.000000 5782720.038064 -2366969.851069 1698.729740
2022 05 06 11 59 00 5782720.055535 -2366969.824920 1698.717650 0.010000 0.010000 0.010000 0.000000 5782720.025790 -2366969.847824 1698.717650
2022 05 07 11 59 00 5782720.045636 -2366969.823192 1698.706830 0.010000 0.010000 0.010000 0.000000 5782720.015875 -2366969.846108 1698.706830
2022 05 08 11 59 00 5782720.041837 -2366969.824095 1698.721300 0.010000 0.010000 0.010000 0.000000 5782720.012061 -2366969.847023 1698.721300
2022 05 09 11 59 00 5782720.052678 -2366969.820938 1698.689300 0.010000 0.010000 0.010000 0.000000 5782720.022887 -2366969.843878 1698.689300
2022 05 10 11 59 00 5782720.067109 -2366969.823971 1698.708260 0.010000 0.010000 0.010000 0.000000 5782720.037303 -2366969.846922 1698.708260
2022 05 11 11 59 00 5782720.068680 -2366969.822414 1698.703770 0.010000 0.010000 0.010000 0.000000 5782720.038858 -2366969.845377 1698.703770
2022 05 12 11 59 00 5782720.050921 -2366969.823067 1698.705570 0.010000 0.010000 0.010000 0.000000 5782720.021084 -2366969.846041 1698.705570
2022 05 13 11 59 00 5782720.050712 -2366969.823200 1698.702340 0.010000 0.010000 0.010000 0.000000 5782720.020860 -2366969.846186 1698.702340
2022 05 14 11 59 00 5782720.048533 -2366969.824152 1698.695360 0.010000 0.010000 0.010000 0.000000 5782720.018666 -2366969.847151 1698.695360
2022 05 15 11 59 00 5782720.046414 -2366969.820455 1698.693490 0.010000 0.010000 0.010000 0.000000 5782720.016531 -2366969.843465 1698.693490
2022 05 16 11 59 00 5782720.055755 -2366969.824948 1698.708830 0.010000 0.010000 0.010000 0.000000 5782720.025857 -2366969.847970 1698.708830
2022 05 17 11 59 00 5782720.038416 -2366969.828881 1698.711250 0.010000 0.010000 0.010000 0.000000 5782720.008503 -2366969.851914 1698.711250
2022 05 18 11 59 00 5782720.053157 -2366969.826434 1698.703730 0.010000 0.010000 0.010000 0.000000 5782720.023229 -2366969.849479 1698.703730
2022 05 19 11 59 00 5782720.054188 -2366969.819767 1698.692870 0.010000 0.010000 0.010000 0.000000 5782720.024244 -2366969.842824 1698.692870
2022 05 20 11 59 00 5782720.051329 -2366969.818340 1698.695230 0.010000 0.010000 0.010000 0.000000 5782720.021370 -2366969.841408 1698.695230
2022 05 21 11 59 00 5782720.050750 -2366969.825132 1698.714930 0.010000 0.010000 0.010000 0.000000 5782720.020776 -2366969.848213 1698.714930
2022 05 22 11 59 00 5782720.053581 -2366969.823865 1698.695380 0.010000 0.010000 0.010000 0.000000 5782720.023592 -2366969.846957 1698.695380
2022 05 23 11 59 00 5782720.051392 -2366969.822428 1698.691890 0.010000 0.010000 0.010000 0.000000 5782720.021387 -2366969.845532 1698.691890
2022 05 24 11 59 00 5782720.052623 -2366969.819381 1698.694090 0.010000 0.010000 0.010000 0.000000 5782720.022603 -2366969.842497 1698.694090
2022 05 25 11 59 00 5782720.054174 -2366969.816994 1698.684570 0.010000 0.010000 0.010000 0.000000 5782720.024139 -2366969.840121 1698.684570
2022 05 26 11 59 00 5782720.050225 -2366969.820037 1698.695500 0.010000 0.010000 0.010000 0.000000 5782720.020175 -2366969.843176 1698.695500
2022 05 27 11 59 00 5782720.055346 -2366969.823460 1698.687870 0.010000 0.010000 0.010000 0.000000 5782720.025280 -2366969.846610 1698.687870
2022 05 28 11 59 00 5782720.053157 -2366969.820352 1698.694500 0.010000 0.010000 0.010000 0.000000 5782720.023076 -2366969.843515 1698.694500
2022 05 29 11 59 00 5782720.052598 -2366969.818875 1698.710790 0.010000 0.010000 0.010000 0.000000 5782720.022502 -2366969.842050 1698.710790
2022 05 30 11 59 00 5782720.053969 -2366969.821148 1698.705370 0.010000 0.010000 0.010000 0.000000 5782720.023858 -2366969.844334 1698.705370
2022 05 31 11 59 00 5782720.054290 -2366969.824301 1698.696030 0.010000 0.010000 0.010000 0.000000 5782720.024163 -2366969.847499 1698.696030
2022 06 01 11 59 00 5782720.049491 -2366969.820014 1698.686770 0.010000 0.010000 0.010000 0.000000 5782720.019349 -2366969.843223 1698.686770
2022 06 02 11 59 00 5782720.054942 -2366969.820587 1698.696050 0.010000 0.010000 0.010000 0.000000 5782720.024785 -2366969.843808 1698.696050
2022 06 03 11 59 00 5782720.050303 -2366969.821160 1698.693390 0.010000 0.010000 0.010000 0.000000 5782720.020131 -2366969.844393 1698.693390
2022 06 05 11 59 00 5782720.053325 -2366969.824985 1698.694920 0.010000 0.010000 0.010000 0.000000 5782720.023122 -2366969.848242 1698.694920
2022 06 06 11 59 00 5782720.053946 -2366969.820508 1698.693420 0.010000 0.010000 0.010000 0.000000 5782720.023728 -2366969.843776 1698.693420
2022 06 07 11 59 00 5782720.052257 -2366969.819401 1698.696680 0.010000 0.010000 0.010000 0.000000 5782720.022024 -2366969.842681 1698.696680
2022 06 08 11 59 00 5782720.052388 -2366969.820204 1698.694440 0.010000 0.010000 0.010000 0.000000 5782720.022139 -2366969.843495 1698.694440
2022 06 09 11 59 00 NaN NaN NaN 1.509540 0.082970 1.448650 NaN NaN NaN NaN
2022 06 10 11 59 00 5782720.051620 -2366969.817560 1698.696090 0.010000 0.010000 0.010000 0.000000 5782720.021341 -2366969.840875 1698.696090
2022 06 11 11 59 00 5782720.055351 -2366969.820572 1698.686460 0.010000 0.010000 0.010000 0.000000 5782720.025056 -2366969.843899 1698.686460
2022 06 12 11 59 00 5782720.048182 -2366969.816205 1698.711940 0.010000 0.010000 0.010000 0.000000 5782720.017872 -2366969.839544 1698.711940
2022 06 13 11 59 00 5782720.050253 -2366969.823358 1698.700280 0.010000 0.010000 0.010000 0.000000 5782720.019928 -2366969.846708 1698.700280
2022 06 14 11 59 00 5782720.048594 -2366969.824521 1698.701470 0.010000 0.010000 0.010000 0.000000 5782720.018254 -2366969.847883 1698.701470
2022 06 15 11 59 00 5782720.049075 -2366969.822804 1698.692750 0.010000 0.010000 0.010000 0.000000 5782720.018719 -2366969.846178 1698.692750
2022 06 16 11 59 00 5782720.056246 -2366969.825577 1698.689880 0.010000 0.010000 0.010000 0.000000 5782720.025875 -2366969.848962 1698.689880
2022 06 17 11 59 00 5782720.054277 -2366969.824819 1698.698140 0.010000 0.010000 0.010000 0.000000 5782720.023891 -2366969.848217 1698.698140
2022 06 18 11 59 00 5782720.050578 -2366969.824772 1698.689230 0.010000 0.010000 0.010000 0.000000 5782720.020177 -2366969.848181 1698.689230
2022 06 19 11 59 00 5782720.054689 -2366969.826425 1698.681050 0.010000 0.010000 0.010000 0.000000 5782720.024272 -2366969.849846 1698.681050
2022 06 20 11 59 00 5782720.050060 -2366969.823078 1698.689450 0.010000 0.010000 0.010000 0.000000 5782720.019628 -2366969.846511 1698.689450
2022 06 21 11 59 00 5782720.055001 -2366969.824611 1698.705330 0.010000 0.010000 0.010000 0.000000 5782720.024554 -2366969.848055 1698.705330
2022 06 22 11 59 00 5782720.053582 -2366969.826024 1698.699510 0.010000 0.010000 0.010000 0.000000 5782720.023120 -2366969.849480 1698.699510
2022 06 23 11 59 00 5782720.046573 -2366969.819437 1698.705700 0.010000 0.010000 0.010000 0.000000 5782720.016095 -2366969.842904 1698.705700
2022 06 24 11 59 00 5782720.055164 -2366969.827009 1698.703410 0.010000 0.010000 0.010000 0.000000 5782720.024671 -2366969.850489 1698.703410
2022 06 25 11 59 00 5782720.051895 -2366969.820302 1698.695300 0.010000 0.010000 0.010000 0.000000 5782720.021387 -2366969.843794 1698.695300
2022 06 26 11 59 00 5782720.054046 -2366969.823625 1698.696130 0.010000 0.010000 0.010000 0.000000 5782720.023523 -2366969.847128 1698.696130
2022 06 27 11 59 00 5782720.055457 -2366969.824148 1698.689100 0.010000 0.010000 0.010000 0.000000 5782720.024918 -2366969.847663 1698.689100
2022 06 28 11 59 00 5782720.055888 -2366969.831791 1698.700800 0.010000 0.010000 0.010000 0.000000 5782720.025334 -2366969.855317 1698.700800
2022 06 29 11 59 00 5782720.052959 -2366969.822094 1698.694600 0.010000 0.010000 0.010000 0.000000 5782720.022390 -2366969.845632 1698.694600
2022 06 30 11 59 00 5782720.055900 -2366969.825747 1698.702680 0.010000 0.010000 0.010000 0.000000 5782720.025316 -2366969.849297 1698.702680
2022 07 01 11 59 00 5782720.054801 -2366969.826829 1698.703770 0.010000 0.010000 0.010000 0.000000 5782720.024201 -2366969.850391 1698.703770
2022 07 02 11 59 00 5782720.055242 -2366969.823512 1698.700630 0.010000 0.010000 0.010000 0.000000 5782720.024627 -2366969.847086 1698.700630
2022 07 03 11 59 00 5782720.051423 -2366969.821865 1698.698260 0.010000 0.010000 0.010000 0.000000 5782720.020793 -2366969.845450 1698.698260
2022 07 04 11 59 00 5782720.052164 -2366969.824478 1698.694940 0.010000 0.010000 0.010000 0.000000 5782720.021519 -2366969.848075 1698.694940
2022 07 05 11 59 00 5782720.055455 -2366969.823501 1698.701170 0.010000 0.010000 0.010000 0.000000 5782720.024794 -2366969.847110 1698.701170
2022 07 06 11 59 00 5782720.056106 -2366969.827174 1698.699770 0.010000 0.010000 0.010000 0.000000 5782720.025430 -2366969.850794 1698.699770
2022 07 07 11 59 00 5782720.052207 -2366969.818187 1698.694830 0.010000 0.010000 0.010000 0.000000 5782720.021516 -2366969.841819 1698.694830
2022 07 08 11 59 00 5782720.055008 -2366969.823149 1698.701290 0.010000 0.010000 0.010000 0.000000 5782720.024302 -2366969.846793 1698.701290
2022 07 09 11 59 00 5782720.056029 -2366969.824942 1698.703020 0.010000 0.010000 0.010000 0.000000 5782720.025307 -2366969.848598 1698.703020
2022 07 10 11 59 00 5782720.055460 -2366969.825635 1698.705070 0.010000 0.010000 0.010000 0.000000 5782720.024723 -2366969.849302 1698.705070
2022 07 11 11 59 00 5782720.054871 -2366969.823408 1698.698040 0.010000 0.010000 0.010000 0.000000 5782720.024119 -2366969.847087 1698.698040
2022 07 12 11 59 00 5782720.056472 -2366969.825321 1698.701280 0.010000 0.010000 0.010000 0.000000 5782720.025705 -2366969.849012 1698.701280
2022 07 13 11 59 00 5782720.055463 -2366969.824174 1698.709120 0.010000 0.010000 0.010000 0.000000 5782720.024680 -2366969.847876 1698.709120
2022 07 14 11 59 00 5782720.055884 -2366969.821997 1698.695730 0.010000 0.010000 0.010000 0.000000 5782720.025086 -2366969.845711 1698.695730
2022 07 15 11 59 00 5782720.056565 -2366969.821519 1698.696330 0.010000 0.010000 0.010000 0.000000 5782720.025752 -2366969.845245 1698.696330
2022 07 16 11 59 00 5782720.057706 -2366969.824092 1698.693960 0.010000 0.010000 0.010000 0.000000 5782720.026878 -2366969.847830 1698.693960
2022 07 17 11 59 00 5782720.055827 -2366969.823495 1698.703960 0.010000 0.010000 0.010000 0.000000 5782720.024983 -2366969.847245 1698.703960
2022 07 18 11 59 00 5782720.057898 -2366969.824118 1698.701390 0.010000 0.010000 0.010000 0.000000 5782720.027039 -2366969.847879 1698.701390
2022 07 19 11 59 00 5782720.055879 -2366969.825241 1698.706190 0.010000 0.010000 0.010000 0.000000 5782720.025005 -2366969.849014 1698.706190
2022 07 20 11 59 00 5782720.057580 -2366969.824034 1698.697790 0.010000 0.010000 0.010000 0.000000 5782720.026691 -2366969.847818 1698.697790
2022 07 21 11 59 00 5782720.057031 -2366969.822257 1698.704880 0.010000 0.010000 0.010000 0.000000 5782720.026126 -2366969.846053 1698.704880
2022 07 22 11 59 00 5782720.056382 -2366969.823299 1698.699150 0.010000 0.010000 0.010000 0.000000 5782720.025462 -2366969.847108 1698.699150
2022 07 23 11 59 00 5782720.055122 -2366969.821582 1698.706760 0.010000 0.010000 0.010000 0.000000 5782720.024188 -2366969.845402 1698.706760
2022 07 24 11 59 00 5782720.060243 -2366969.821285 1698.693370 0.010000 0.010000 0.010000 0.000000 5782720.029294 -2366969.845117 1698.693370
2022 07 25 11 59 00 5782720.053174 -2366969.825018 1698.702300 0.010000 0.010000 0.010000 0.000000 5782720.022209 -2366969.848861 1698.702300
2022 07 26 11 59 00 5782720.054335 -2366969.822911 1698.692750 0.010000 0.010000 0.010000 0.000000 5782720.023355 -2366969.846766 1698.692750
2022 07 27 11 59 00 5782720.057406 -2366969.823484 1698.695320 0.010000 0.010000 0.010000 0.000000 5782720.026411 -2366969.847351 1698.695320
2022 07 28 11 59 00 5782720.056447 -2366969.824117 1698.695050 0.010000 0.010000 0.010000 0.000000 5782720.025437 -2366969.847995 1698.695050
2022 07 29 11 59 00 5782720.054798 -2366969.824699 1698.695780 0.010000 0.010000 0.010000 0.000000 5782720.023772 -2366969.848590 1698.695780
2022 07 30 11 59 00 5782720.059539 -2366969.822922 1698.692790 0.010000 0.010000 0.010000 0.000000 5782720.028498 -2366969.846824 1698.692790
2022 07 31 11 59 00 5782720.054490 -2366969.825145 1698.701470 0.010000 0.010000 0.010000 0.000000 5782720.023434 -2366969.849059 1698.701470
2022 08 01 11 59 00 5782720.054941 -2366969.821808 1698.695860 0.010000 0.010000 0.010000 0.000000 5782720.023870 -2366969.845734 1698.695860
2022 08 02 11 59 00 5782720.056282 -2366969.825631 1698.700570 0.010000 0.010000 0.010000 0.000000 5782720.025195 -2366969.849568 1698.700570
2022 08 03 11 59 00 5782720.064913 -2366969.827844 1698.704700 0.010000 0.010000 0.010000 0.000000 5782720.033811 -2366969.851793 1698.704700
2022 08 04 11 59 00 5782720.065864 -2366969.828696 1698.703310 0.010000 0.010000 0.010000 0.000000 5782720.034747 -2366969.852657 1698.703310
2022 08 05 11 59 00 5782720.058965 -2366969.828019 1698.692220 0.010000 0.010000 0.010000 0.000000 5782720.027833 -2366969.851992 1698.692220
2022 08 06 11 59 00 5782720.055446 -2366969.829042 1698.688080 0.010000 0.010000 0.010000 0.000000 5782720.024298 -2366969.853027 1698.688080
2022 08 07 11 59 00 5782720.057147 -2366969.830495 1698.688740 0.010000 0.010000 0.010000 0.000000 5782720.025984 -2366969.854491 1698.688740
2022 08 08 11 59 00 5782720.057278 -2366969.829828 1698.694810 0.010000 0.010000 0.010000 0.000000 5782720.026100 -2366969.853836 1698.694810
2022 08 09 11 59 00 5782720.060949 -2366969.829011 1698.701700 0.010000 0.010000 0.010000 0.000000 5782720.029756 -2366969.853030 1698.701700
2022 08 10 11 59 00 5782720.057480 -2366969.830494 1698.692950 0.010000 0.010000 0.010000 0.000000 5782720.026271 -2366969.854525 1698.692950
2022 08 11 11 59 00 5782720.054791 -2366969.827756 1698.689540 0.010000 0.010000 0.010000 0.000000 5782720.023567 -2366969.851799 1698.689540
2022 08 12 11 59 00 5782720.056252 -2366969.830319 1698.690860 0.010000 0.010000 0.010000 0.000000 5782720.025013 -2366969.854374 1698.690860
2022 08 13 11 59 00 5782720.053433 -2366969.829222 1698.689290 0.010000 0.010000 0.010000 0.000000 5782720.022179 -2366969.853289 1698.689290
2022 08 14 11 59 00 5782720.055844 -2366969.829005 1698.689230 0.010000 0.010000 0.010000 0.000000 5782720.024574 -2366969.853083 1698.689230
2022 08 15 11 59 00 5782720.056315 -2366969.828118 1698.689410 0.010000 0.010000 0.010000 0.000000 5782720.025030 -2366969.852208 1698.689410
2022 08 16 11 59 00 5782720.057936 -2366969.829791 1698.690680 0.010000 0.010000 0.010000 0.000000 5782720.026636 -2366969.853892 1698.690680
2022 08 17 11 59 00 5782720.057667 -2366969.828354 1698.685660 0.010000 0.010000 0.010000 0.000000 5782720.026351 -2366969.852467 1698.685660
2022 08 18 11 59 00 5782720.058108 -2366969.829586 1698.684290 0.010000 0.010000 0.010000 0.000000 5782720.026777 -2366969.853712 1698.684290
2022 08 19 11 59 00 5782720.057049 -2366969.832679 1698.683230 0.010000 0.010000 0.010000 0.000000 5782720.025703 -2366969.856816 1698.683230
2022 08 20 11 59 00 5782720.057370 -2366969.831082 1698.688790 0.010000 0.010000 0.010000 0.000000 5782720.026009 -2366969.855231 1698.688790
2022 08 21 11 59 00 5782720.058261 -2366969.831655 1698.686340 0.010000 0.010000 0.010000 0.000000 5782720.026884 -2366969.855815 1698.686340
2022 08 22 11 59 00 5782720.060372 -2366969.829928 1698.685760 0.010000 0.010000 0.010000 0.000000 5782720.028980 -2366969.854100 1698.685760
2022 08 23 11 59 00 5782720.057893 -2366969.831601 1698.685880 0.010000 0.010000 0.010000 0.000000 5782720.026486 -2366969.855785 1698.685880
2022 08 24 11 59 00 5782720.059754 -2366969.830584 1698.690640 0.010000 0.010000 0.010000 0.000000 5782720.028332 -2366969.854779 1698.690640
2022 08 25 11 59 00 5782720.059735 -2366969.824316 1698.697050 0.010000 0.010000 0.010000 0.000000 5782720.028297 -2366969.848524 1698.697050
2022 08 26 11 59 00 5782720.060586 -2366969.830519 1698.680200 0.010000 0.010000 0.010000 0.000000 5782720.029133 -2366969.854738 1698.680200
2022 08 27 11 59 00 5782720.060547 -2366969.828542 1698.698190 0.010000 0.010000 0.010000 0.000000 5782720.029079 -2366969.852773 1698.698190
2022 08 28 11 59 00 5782720.060508 -2366969.825085 1698.672090 0.010000 0.010000 0.010000 0.000000 5782720.029025 -2366969.849328 1698.672090
2022 08 29 11 59 00 5782720.068699 -2366969.828288 1698.688930 0.010000 0.010000 0.010000 0.000000 5782720.037200 -2366969.852542 1698.688930
2022 08 30 11 59 00 5782720.069670 -2366969.830071 1698.690930 0.010000 0.010000 0.010000 0.000000 5782720.038156 -2366969.854337 1698.690930
2022 08 31 11 59 00 5782720.061571 -2366969.829074 1698.688520 0.010000 0.010000 0.010000 0.000000 5782720.030042 -2366969.853351 1698.688520
2022 09 01 11 59 00 5782720.058152 -2366969.827756 1698.690040 0.010000 0.010000 0.010000 0.000000 5782720.026608 -2366969.852046 1698.690040
2022 09 02 11 59 00 5782720.059703 -2366969.827869 1698.690520 0.010000 0.010000 0.010000 0.000000 5782720.028143 -2366969.852171 1698.690520
2022 09 03 11 59 00 5782720.059354 -2366969.827052 1698.690690 0.010000 0.010000 0.010000 0.000000 5782720.027779 -2366969.851365 1698.690690
2022 09 04 11 59 00 5782720.064155 -2366969.831855 1698.691340 0.010000 0.010000 0.010000 0.000000 5782720.032565 -2366969.856180 1698.691340
2022 09 05 11 59 00 5782720.057656 -2366969.830848 1698.702760 0.010000 0.010000 0.010000 0.000000 5782720.026051 -2366969.855184 1698.702760
2022 09 06 11 59 00 5782720.069607 -2366969.828101 1698.700270 0.010000 0.010000 0.010000 0.000000 5782720.037986 -2366969.852449 1698.700270
2022 09 08 11 59 00 5782720.068849 -2366969.828076 1698.698970 0.010000 0.010000 0.010000 0.000000 5782720.037198 -2366969.852448 1698.698970
2022 09 09 11 59 00 5782720.069530 -2366969.829739 1698.693340 0.010000 0.010000 0.010000 0.000000 5782720.037864 -2366969.854123 1698.693340
2022 09 10 11 59 00 5782720.063571 -2366969.831022 1698.687780 0.010000 0.010000 0.010000 0.000000 5782720.031889 -2366969.855417 1698.687780
2022 09 11 11 59 00 5782720.062872 -2366969.830425 1698.694300 0.010000 0.010000 0.010000 0.000000 5782720.031175 -2366969.854832 1698.694300
2022 09 12 11 59 00 5782720.070673 -2366969.829018 1698.690050 0.010000 0.010000 0.010000 0.000000 5782720.038961 -2366969.853437 1698.690050
2022 09 13 11 59 00 5782720.051654 -2366969.836251 1698.711270 0.010000 0.010000 0.010000 0.000000 5782720.019927 -2366969.860681 1698.711270
2022 09 14 11 59 00 5782720.065105 -2366969.831684 1698.688340 0.010000 0.010000 0.010000 0.000000 5782720.033362 -2366969.856126 1698.688340
2022 09 15 11 59 00 5782720.063236 -2366969.832656 1698.693800 0.010000 0.010000 0.010000 0.000000 5782720.031478 -2366969.857110 1698.693800
2022 09 16 11 59 00 5782720.060467 -2366969.833349 1698.697960 0.010000 0.010000 0.010000 0.000000 5782720.028694 -2366969.857815 1698.697960
2022 09 17 11 59 00 5782720.061368 -2366969.832572 1698.695030 0.010000 0.010000 0.010000 0.000000 5782720.029580 -2366969.857049 1698.695030
2022 09 18 11 59 00 5782720.068719 -2366969.831345 1698.695910 0.010000 0.010000 0.010000 0.000000 5782720.036915 -2366969.855834 1698.695910
2022 09 19 11 59 00 5782720.068740 -2366969.824628 1698.690060 0.010000 0.010000 0.010000 0.000000 5782720.036921 -2366969.849129 1698.690060
2022 09 20 11 59 00 5782720.057221 -2366969.830941 1698.699990 0.010000 0.010000 0.010000 0.000000 5782720.025387 -2366969.855453 1698.699990
2022 09 21 11 59 00 5782720.057312 -2366969.819623 1698.690540 0.010000 0.010000 0.010000 0.000000 5782720.025463 -2366969.844148 1698.690540
2022 09 22 11 59 00 5782720.055733 -2366969.822916 1698.696540 0.010000 0.010000 0.010000 0.000000 5782720.023868 -2366969.847452 1698.696540
2022 09 23 11 59 00 5782720.056784 -2366969.822149 1698.681700 0.010000 0.010000 0.010000 0.000000 5782720.024904 -2366969.846697 1698.681700
2022 09 24 11 59 00 5782720.071195 -2366969.833482 1698.688600 0.010000 0.010000 0.010000 0.000000 5782720.039300 -2366969.858042 1698.688600
2022 09 25 11 59 00 5782720.063856 -2366969.831505 1698.687350 0.010000 0.010000 0.010000 0.000000 5782720.031946 -2366969.856076 1698.687350
2022 09 26 11 59 00 5782720.060007 -2366969.827888 1698.686070 0.010000 0.010000 0.010000 0.000000 5782720.028081 -2366969.852471 1698.686070
2022 09 27 11 59 00 5782720.059568 -2366969.824871 1698.680530 0.010000 0.010000 0.010000 0.000000 5782720.027627 -2366969.849465 1698.680530
2022 09 28 11 59 00 5782720.051819 -2366969.826793 1698.697240 0.010000 0.010000 0.010000 0.000000 5782720.019863 -2366969.851400 1698.697240
2022 09 29 11 59 00 5782720.060670 -2366969.827786 1698.691100 0.010000 0.010000 0.010000 0.000000 5782720.028699 -2366969.852405 1698.691100
2022 09 30 11 59 00 5782720.066961 -2366969.824359 1698.682070 0.010000 0.010000 0.010000 0.000000 5782720.034974 -2366969.848989 1698.682070
2022 10 01 11 59 00 5782720.060902 -2366969.825572 1698.686420 0.010000 0.010000 0.010000 0.000000 5782720.028900 -2366969.850214 1698.686420
2022 10 02 11 59 00 5782720.066693 -2366969.822815 1698.688090 0.010000 0.010000 0.010000 0.000000 5782720.034676 -2366969.847468 1698.688090
2022 10 03 11 59 00 5782720.059954 -2366969.826268 1698.691390 0.010000 0.010000 0.010000 0.000000 5782720.027922 -2366969.850933 1698.691390
2022 10 04 11 59 00 5782720.057425 -2366969.823241 1698.681470 0.010000 0.010000 0.010000 0.000000 5782720.025377 -2366969.847918 1698.681470
2022 10 05 11 59 00 5782720.057606 -2366969.829223 1698.678530 0.010000 0.010000 0.010000 0.000000 5782720.025543 -2366969.853912 1698.678530
2022 10 06 11 59 00 5782720.057657 -2366969.824926 1698.687150 0.010000 0.010000 0.010000 0.000000 5782720.025579 -2366969.849627 1698.687150
2022 10 07 11 59 00 5782720.063178 -2366969.824779 1698.688630 0.010000 0.010000 0.010000 0.000000 5782720.031085 -2366969.849491 1698.688630
2022 10 08 11 59 00 5782720.059689 -2366969.826002 1698.677290 0.010000 0.010000 0.010000 0.000000 5782720.027580 -2366969.850726 1698.677290
2022 10 09 11 59 00 5782720.054410 -2366969.826405 1698.683260 0.010000 0.010000 0.010000 0.000000 5782720.022286 -2366969.851141 1698.683260
2022 10 10 11 59 00 5782720.066821 -2366969.822748 1698.692410 0.010000 0.010000 0.010000 0.000000 5782720.034682 -2366969.847495 1698.692410
2022 10 11 11 59 00 5782720.057912 -2366969.823801 1698.675820 0.010000 0.010000 0.010000 0.000000 5782720.025758 -2366969.848560 1698.675820

