################################################################################
# WEBOBS OVPF
#
# PROC: {PROC.CGNSSOVPF} GNSS GAMIT/GLOBK OVPF
# TITLE: {\fontsize{14}{\bfRVAG: "Nouveau Rivals" - Local} (All data)} {RDCRVAG}
# FILENAME: RDCRVAG_all.txt
# COORD: 364992	7649259
#
# CREATED: 12-Oct-2022 18:35:16 by sysop@pitondescalumets
# COPYRIGHT: MMXXII, (c) OVPF-IPGP
################################################################################
#
#yyyy mm dd HH MM SS Eastern(m) Northern(m) Up(m) dE dN dU Orbit East_treat(m) North_treat(m) Up_treat(m)
2020 11 30 11 59 00 5778628.728247 -2365910.507080 2235.588030 0.010000 0.010000 0.010000 0.000000 5778628.706460 -2365910.523856 2235.588030
2020 12 01 11 59 00 5778628.734268 -2365910.509523 2235.573250 0.010000 0.010000 0.010000 0.000000 5778628.712466 -2365910.526310 2235.573250
2020 12 02 11 59 00 5778628.740779 -2365910.503865 2235.584860 0.010000 0.010000 0.010000 0.000000 5778628.718962 -2365910.520665 2235.584860
2020 12 03 11 59 00 5778628.742690 -2365910.508368 2235.567400 0.010000 0.010000 0.010000 0.000000 5778628.720857 -2365910.525180 2235.567400
2020 12 04 11 59 00 5778628.739221 -2365910.516791 2235.574720 0.010000 0.010000 0.010000 0.000000 5778628.717373 -2365910.533614 2235.574720
2020 12 05 11 59 00 5778628.725512 -2365910.515084 2235.584250 0.010000 0.010000 0.010000 0.000000 5778628.703649 -2365910.531919 2235.584250
2020 12 06 11 59 00 5778628.728253 -2365910.503427 2235.571930 0.010000 0.010000 0.010000 0.000000 5778628.706375 -2365910.520273 2235.571930
2020 12 07 11 59 00 5778628.924184 -2365910.727140 2235.735650 0.010000 0.010000 0.010000 0.000000 5778628.902290 -2365910.743998 2235.735650
2020 12 08 11 59 00 5778628.906595 -2365910.722333 2235.718450 0.010000 0.010000 0.010000 0.000000 5778628.884686 -2365910.739203 2235.718450
2020 12 09 11 59 00 5778628.898526 -2365910.729695 2235.721850 0.010000 0.010000 0.010000 0.000000 5778628.876602 -2365910.746577 2235.721850
2020 12 10 11 59 00 5778628.903327 -2365910.735858 2235.717040 0.010000 0.010000 0.010000 0.000000 5778628.881388 -2365910.752752 2235.717040
2020 12 11 11 59 00 5778628.893958 -2365910.726981 2235.718850 0.010000 0.010000 0.010000 0.000000 5778628.872003 -2365910.743886 2235.718850
2020 12 12 11 59 00 5778628.903409 -2365910.737474 2235.713050 0.010000 0.010000 0.010000 0.000000 5778628.881439 -2365910.754391 2235.713050
2020 12 13 11 59 00 5778628.891000 -2365910.725917 2235.705960 0.010000 0.010000 0.010000 0.000000 5778628.869015 -2365910.742846 2235.705960
2020 12 14 11 59 00 5778628.895491 -2365910.728030 2235.703910 0.010000 0.010000 0.010000 0.000000 5778628.873491 -2365910.744970 2235.703910
2020 12 15 11 59 00 5778628.891492 -2365910.723253 2235.713920 0.010000 0.010000 0.010000 0.000000 5778628.869476 -2365910.740205 2235.713920
2020 12 16 11 59 00 5778628.891663 -2365910.724895 2235.703790 0.010000 0.010000 0.010000 0.000000 5778628.869632 -2365910.741859 2235.703790
2020 12 17 11 59 00 5778628.897154 -2365910.727508 2235.703670 0.010000 0.010000 0.010000 0.000000 5778628.875108 -2365910.744484 2235.703670
2020 12 18 11 59 00 5778628.889095 -2365910.725961 2235.716960 0.010000 0.010000 0.010000 0.000000 5778628.867034 -2365910.742949 2235.716960
2020 12 19 11 59 00 5778628.885806 -2365910.723314 2235.730190 0.010000 0.010000 0.010000 0.000000 5778628.863729 -2365910.740313 2235.730190
2020 12 20 11 59 00 5778628.893807 -2365910.730557 2235.711140 0.010000 0.010000 0.010000 0.000000 5778628.871715 -2365910.747568 2235.711140
2020 12 22 11 59 00 5778628.890459 -2365910.726673 2235.694530 0.010000 0.010000 0.010000 0.000000 5778628.868337 -2365910.743707 2235.694530
2020 12 23 11 59 00 5778628.896090 -2365910.728505 2235.705250 0.010000 0.010000 0.010000 0.000000 5778628.873952 -2365910.745551 2235.705250
2020 12 24 11 59 00 5778628.897341 -2365910.738608 2235.696950 0.010000 0.010000 0.010000 0.000000 5778628.875188 -2365910.755666 2235.696950
2020 12 25 11 59 00 5778628.890012 -2365910.731511 2235.689850 0.010000 0.010000 0.010000 0.000000 5778628.867844 -2365910.748581 2235.689850
2020 12 31 11 59 00 5778628.886718 -2365910.728658 2235.670370 0.010000 0.010000 0.010000 0.000000 5778628.864458 -2365910.745798 2235.670370
2021 01 01 11 59 00 5778628.903109 -2365910.735541 2235.676260 0.010000 0.010000 0.010000 0.000000 5778628.880834 -2365910.752693 2235.676260
2021 01 02 11 59 00 5778628.890910 -2365910.729364 2235.673170 0.010000 0.010000 0.010000 0.000000 5778628.868620 -2365910.746527 2235.673170
2021 01 03 11 59 00 5778628.897051 -2365910.730427 2235.673250 0.010000 0.010000 0.010000 0.000000 5778628.874745 -2365910.747602 2235.673250
2021 01 04 11 59 00 5778628.899432 -2365910.730040 2235.672380 0.010000 0.010000 0.010000 0.000000 5778628.877111 -2365910.747227 2235.672380
2021 01 05 11 59 00 5778628.889133 -2365910.727892 2235.682970 0.010000 0.010000 0.010000 0.000000 5778628.866797 -2365910.745091 2235.682970
2021 01 06 11 59 00 5778628.886184 -2365910.729495 2235.676230 0.010000 0.010000 0.010000 0.000000 5778628.863833 -2365910.746706 2235.676230
2021 01 07 11 59 00 5778628.894215 -2365910.728278 2235.659730 0.010000 0.010000 0.010000 0.000000 5778628.871848 -2365910.745500 2235.659730
2021 01 08 11 59 00 5778628.890816 -2365910.731961 2235.679110 0.010000 0.010000 0.010000 0.000000 5778628.868434 -2365910.749195 2235.679110
2021 01 09 11 59 00 5778628.885147 -2365910.734074 2235.689840 0.010000 0.010000 0.010000 0.000000 5778628.862750 -2365910.751320 2235.689840
2021 01 10 11 59 00 5778628.890818 -2365910.725577 2235.682380 0.010000 0.010000 0.010000 0.000000 5778628.868406 -2365910.742834 2235.682380
2021 01 11 11 59 00 5778628.881489 -2365910.735440 2235.686480 0.010000 0.010000 0.010000 0.000000 5778628.859061 -2365910.752709 2235.686480
2021 01 12 11 59 00 5778628.891280 -2365910.731012 2235.690980 0.010000 0.010000 0.010000 0.000000 5778628.868837 -2365910.748293 2235.690980
2021 01 13 11 59 00 5778628.895071 -2365910.724795 2235.677440 0.010000 0.010000 0.010000 0.000000 5778628.872613 -2365910.742088 2235.677440
2021 01 14 11 59 00 5778628.885742 -2365910.735858 2235.684330 0.010000 0.010000 0.010000 0.000000 5778628.863269 -2365910.753163 2235.684330
2021 01 15 11 59 00 5778628.893683 -2365910.723681 2235.682080 0.010000 0.010000 0.010000 0.000000 5778628.871194 -2365910.740997 2235.682080
2021 01 16 11 59 00 5778628.889294 -2365910.733314 2235.675570 0.010000 0.010000 0.010000 0.000000 5778628.866790 -2365910.750642 2235.675570
2021 01 17 11 59 00 5778628.894835 -2365910.727357 2235.668880 0.010000 0.010000 0.010000 0.000000 5778628.872316 -2365910.744696 2235.668880
2021 01 18 11 59 00 5778628.887886 -2365910.731220 2235.673600 0.010000 0.010000 0.010000 0.000000 5778628.865352 -2365910.748571 2235.673600
2021 01 19 11 59 00 5778628.897827 -2365910.731132 2235.679860 0.010000 0.010000 0.010000 0.000000 5778628.875277 -2365910.748496 2235.679860
2021 01 20 11 59 00 5778628.890598 -2365910.733555 2235.682570 0.010000 0.010000 0.010000 0.000000 5778628.868033 -2365910.750930 2235.682570
2021 01 22 11 59 00 5778628.888350 -2365910.734691 2235.676640 0.010000 0.010000 0.010000 0.000000 5778628.865755 -2365910.752089 2235.676640
2021 01 23 11 59 00 5778628.884701 -2365910.734024 2235.673240 0.010000 0.010000 0.010000 0.000000 5778628.862090 -2365910.751434 2235.673240
2021 01 24 11 59 00 5778628.892062 -2365910.735437 2235.676400 0.010000 0.010000 0.010000 0.000000 5778628.869436 -2365910.752858 2235.676400
2021 01 25 11 59 00 5778628.885563 -2365910.739230 2235.682370 0.010000 0.010000 0.010000 0.000000 5778628.862922 -2365910.756663 2235.682370
2021 01 26 11 59 00 5778628.889704 -2365910.730192 2235.675820 0.010000 0.010000 0.010000 0.000000 5778628.867048 -2365910.747638 2235.675820
2021 01 27 11 59 00 5778628.892885 -2365910.731275 2235.672570 0.010000 0.010000 0.010000 0.000000 5778628.870213 -2365910.748732 2235.672570
2021 01 28 11 59 00 5778628.891456 -2365910.731638 2235.684590 0.010000 0.010000 0.010000 0.000000 5778628.868769 -2365910.749107 2235.684590
2021 01 29 11 59 00 5778628.890677 -2365910.735611 2235.672710 0.010000 0.010000 0.010000 0.000000 5778628.867975 -2365910.753091 2235.672710
2021 01 30 11 59 00 5778628.893518 -2365910.725154 2235.687660 0.010000 0.010000 0.010000 0.000000 5778628.870801 -2365910.742646 2235.687660
2021 01 31 11 59 00 5778628.892009 -2365910.733937 2235.671000 0.010000 0.010000 0.010000 0.000000 5778628.869276 -2365910.751441 2235.671000
2021 02 01 11 59 00 5778628.893480 -2365910.729200 2235.672000 0.010000 0.010000 0.010000 0.000000 5778628.870732 -2365910.746715 2235.672000
2021 02 02 11 59 00 5778628.888531 -2365910.727792 2235.669950 0.010000 0.010000 0.010000 0.000000 5778628.865768 -2365910.745320 2235.669950
2021 02 03 11 59 00 5778628.889222 -2365910.731935 2235.650550 0.010000 0.010000 0.010000 0.000000 5778628.866444 -2365910.749474 2235.650550
2021 02 04 11 59 00 5778628.893873 -2365910.729668 2235.663570 0.010000 0.010000 0.010000 0.000000 5778628.871079 -2365910.747219 2235.663570
2021 02 05 11 59 00 5778628.889114 -2365910.728141 2235.677720 0.010000 0.010000 0.010000 0.000000 5778628.866305 -2365910.745704 2235.677720
2021 02 06 11 59 00 5778628.893545 -2365910.727514 2235.668250 0.010000 0.010000 0.010000 0.000000 5778628.870721 -2365910.745088 2235.668250
2021 02 07 11 59 00 5778628.889235 -2365910.729667 2235.664190 0.010000 0.010000 0.010000 0.000000 5778628.866397 -2365910.747253 2235.664190
2021 02 08 11 59 00 5778628.894556 -2365910.736490 2235.669090 0.010000 0.010000 0.010000 0.000000 5778628.871702 -2365910.754087 2235.669090
2021 02 09 11 59 00 5778628.892737 -2365910.738232 2235.675660 0.010000 0.010000 0.010000 0.000000 5778628.869868 -2365910.755842 2235.675660
2021 02 10 11 59 00 5778628.893798 -2365910.736775 2235.663860 0.010000 0.010000 0.010000 0.000000 5778628.870914 -2365910.754397 2235.663860
2021 02 11 11 59 00 5778628.892439 -2365910.727818 2235.660410 0.010000 0.010000 0.010000 0.000000 5778628.869540 -2365910.745451 2235.660410
2021 02 12 11 59 00 5778628.891250 -2365910.727911 2235.675530 0.010000 0.010000 0.010000 0.000000 5778628.868335 -2365910.745556 2235.675530
2021 02 13 11 59 00 5778628.888501 -2365910.732064 2235.667570 0.010000 0.010000 0.010000 0.000000 5778628.865571 -2365910.749720 2235.667570
2021 02 14 11 59 00 5778628.889772 -2365910.729857 2235.662400 0.010000 0.010000 0.010000 0.000000 5778628.866827 -2365910.747525 2235.662400
2021 02 15 11 59 00 5778628.888673 -2365910.731689 2235.676220 0.010000 0.010000 0.010000 0.000000 5778628.865713 -2365910.749370 2235.676220
2021 02 16 11 59 00 5778628.890184 -2365910.733652 2235.656230 0.010000 0.010000 0.010000 0.000000 5778628.867208 -2365910.751344 2235.656230
2021 02 17 11 59 00 5778628.894655 -2365910.735385 2235.664460 0.010000 0.010000 0.010000 0.000000 5778628.871664 -2365910.753089 2235.664460
2021 02 18 11 59 00 5778628.888376 -2365910.739058 2235.675340 0.010000 0.010000 0.010000 0.000000 5778628.865370 -2365910.756773 2235.675340
2021 02 19 11 59 00 5778628.888977 -2365910.728571 2235.666270 0.010000 0.010000 0.010000 0.000000 5778628.865956 -2365910.746298 2235.666270
2021 02 20 11 59 00 5778628.886298 -2365910.731014 2235.661460 0.010000 0.010000 0.010000 0.000000 5778628.863261 -2365910.748753 2235.661460
2021 02 21 11 59 00 5778628.894169 -2365910.730057 2235.659680 0.010000 0.010000 0.010000 0.000000 5778628.871117 -2365910.747807 2235.659680
2021 02 22 11 59 00 5778628.895080 -2365910.733249 2235.663230 0.010000 0.010000 0.010000 0.000000 5778628.872013 -2365910.751012 2235.663230
2021 02 23 11 59 00 5778628.891271 -2365910.735732 2235.671960 0.010000 0.010000 0.010000 0.000000 5778628.868189 -2365910.753506 2235.671960
2021 02 24 11 59 00 5778628.890762 -2365910.736655 2235.666970 0.010000 0.010000 0.010000 0.000000 5778628.867664 -2365910.754441 2235.666970
2021 02 25 11 59 00 5778628.891843 -2365910.735108 2235.659060 0.010000 0.010000 0.010000 0.000000 5778628.868730 -2365910.752906 2235.659060
2021 02 26 11 59 00 5778628.889454 -2365910.732491 2235.657710 0.010000 0.010000 0.010000 0.000000 5778628.866326 -2365910.750300 2235.657710
2021 02 27 11 59 00 5778628.889345 -2365910.733874 2235.665090 0.010000 0.010000 0.010000 0.000000 5778628.866202 -2365910.751695 2235.665090
2021 02 28 11 59 00 5778628.893086 -2365910.737747 2235.658150 0.010000 0.010000 0.010000 0.000000 5778628.869927 -2365910.755579 2235.658150
2021 03 01 11 59 00 5778628.889537 -2365910.730819 2235.657180 0.010000 0.010000 0.010000 0.000000 5778628.866363 -2365910.748664 2235.657180
2021 03 02 11 59 00 5778628.888138 -2365910.731222 2235.663220 0.010000 0.010000 0.010000 0.000000 5778628.864949 -2365910.749078 2235.663220
2021 03 03 11 59 00 5778628.892199 -2365910.742175 2235.664070 0.010000 0.010000 0.010000 0.000000 5778628.868995 -2365910.760043 2235.664070
2021 03 04 11 59 00 5778628.886800 -2365910.732248 2235.668960 0.010000 0.010000 0.010000 0.000000 5778628.863580 -2365910.750128 2235.668960
2021 03 05 11 59 00 5778628.892801 -2365910.730581 2235.659810 0.010000 0.010000 0.010000 0.000000 5778628.869566 -2365910.748472 2235.659810
2021 03 06 11 59 00 5778628.886802 -2365910.733904 2235.661170 0.010000 0.010000 0.010000 0.000000 5778628.863552 -2365910.751807 2235.661170
2021 03 07 11 59 00 5778628.886693 -2365910.737507 2235.662970 0.010000 0.010000 0.010000 0.000000 5778628.863427 -2365910.755421 2235.662970
2021 03 08 11 59 00 5778628.887164 -2365910.733019 2235.667900 0.010000 0.010000 0.010000 0.000000 5778628.863883 -2365910.750946 2235.667900
2021 03 09 11 59 00 5778628.889445 -2365910.734342 2235.666940 0.010000 0.010000 0.010000 0.000000 5778628.866149 -2365910.752281 2235.666940
2021 03 10 11 59 00 5778628.889416 -2365910.739625 2235.655140 0.010000 0.010000 0.010000 0.000000 5778628.866105 -2365910.757575 2235.655140
2021 03 11 11 59 00 5778629.205987 -2365911.022118 2235.338920 0.010000 0.010000 0.010000 0.000000 5778629.182660 -2365911.040080 2235.338920
2021 03 12 11 59 00 5778628.888808 -2365910.730011 2235.657880 0.010000 0.010000 0.010000 0.000000 5778628.865466 -2365910.747984 2235.657880
2021 03 13 11 59 00 5778628.894139 -2365910.732054 2235.647250 0.010000 0.010000 0.010000 0.000000 5778628.870782 -2365910.750039 2235.647250
2021 03 14 11 59 00 5778628.890290 -2365910.734567 2235.659150 0.010000 0.010000 0.010000 0.000000 5778628.866918 -2365910.752564 2235.659150
2021 03 15 11 59 00 5778628.884691 -2365910.732779 2235.666900 0.010000 0.010000 0.010000 0.000000 5778628.861303 -2365910.750788 2235.666900
2021 03 16 11 59 00 5778628.887732 -2365910.732372 2235.657860 0.010000 0.010000 0.010000 0.000000 5778628.864329 -2365910.750393 2235.657860
2021 03 17 11 59 00 5778628.884083 -2365910.738395 2235.656770 0.010000 0.010000 0.010000 0.000000 5778628.860665 -2365910.756427 2235.656770
2021 03 18 11 59 00 5778628.890444 -2365910.733638 2235.651030 0.010000 0.010000 0.010000 0.000000 5778628.867011 -2365910.751682 2235.651030
2021 03 19 11 59 00 5778628.887965 -2365910.732751 2235.651500 0.010000 0.010000 0.010000 0.000000 5778628.864516 -2365910.750807 2235.651500
2021 03 20 11 59 00 5778628.884576 -2365910.738984 2235.667080 0.010000 0.010000 0.010000 0.000000 5778628.861112 -2365910.757051 2235.667080
2021 03 21 11 59 00 5778628.881857 -2365910.734867 2235.641140 0.010000 0.010000 0.010000 0.000000 5778628.858378 -2365910.752946 2235.641140
2021 03 22 11 59 00 5778628.877938 -2365910.730419 2235.689040 0.010000 0.010000 0.010000 0.000000 5778628.854444 -2365910.748510 2235.689040
2021 03 23 11 59 00 5778628.883439 -2365910.740782 2235.663720 0.010000 0.010000 0.010000 0.000000 5778628.859929 -2365910.758885 2235.663720
2021 03 24 11 59 00 5778628.887200 -2365910.745185 2235.659490 0.010000 0.010000 0.010000 0.000000 5778628.863675 -2365910.763300 2235.659490
2021 03 25 11 59 00 5778628.884101 -2365910.736868 2235.654530 0.010000 0.010000 0.010000 0.000000 5778628.860561 -2365910.754994 2235.654530
2021 03 26 11 59 00 5778628.883492 -2365910.742981 2235.653350 0.010000 0.010000 0.010000 0.000000 5778628.859937 -2365910.761119 2235.653350
2021 03 27 11 59 00 5778628.880123 -2365910.744974 2235.670360 0.010000 0.010000 0.010000 0.000000 5778628.856552 -2365910.763123 2235.670360
2021 03 28 11 59 00 5778628.881074 -2365910.745287 2235.667040 0.010000 0.010000 0.010000 0.000000 5778628.857488 -2365910.763448 2235.667040
2021 03 29 11 59 00 5778628.868695 -2365910.741879 2235.695750 0.010000 0.010000 0.010000 0.000000 5778628.845094 -2365910.760053 2235.695750
2021 03 30 11 59 00 5778628.876126 -2365910.742162 2235.682970 0.010000 0.010000 0.010000 0.000000 5778628.852510 -2365910.760347 2235.682970
2021 03 31 11 59 00 5778628.883247 -2365910.741415 2235.652610 0.010000 0.010000 0.010000 0.000000 5778628.859615 -2365910.759612 2235.652610
2021 04 01 11 59 00 5778628.882878 -2365910.741358 2235.654220 0.010000 0.010000 0.010000 0.000000 5778628.859231 -2365910.759566 2235.654220
2021 04 02 11 59 00 5778628.884619 -2365910.737021 2235.667990 0.010000 0.010000 0.010000 0.000000 5778628.860957 -2365910.755241 2235.667990
2021 04 03 11 59 00 5778628.889900 -2365910.737824 2235.659610 0.010000 0.010000 0.010000 0.000000 5778628.866223 -2365910.756055 2235.659610
2021 04 04 11 59 00 5778628.888681 -2365910.735336 2235.668140 0.010000 0.010000 0.010000 0.000000 5778628.864988 -2365910.753580 2235.668140
2021 04 05 11 59 00 5778628.875652 -2365910.742519 2235.676540 0.010000 0.010000 0.010000 0.000000 5778628.851944 -2365910.760775 2235.676540
2021 04 06 11 59 00 5778628.880643 -2365910.736902 2235.673900 0.010000 0.010000 0.010000 0.000000 5778628.856920 -2365910.755169 2235.673900
2021 04 07 11 59 00 5778628.887654 -2365910.744565 2235.662960 0.010000 0.010000 0.010000 0.000000 5778628.863916 -2365910.762844 2235.662960
2021 04 08 11 59 00 5778628.886335 -2365910.736068 2235.668890 0.010000 0.010000 0.010000 0.000000 5778628.862581 -2365910.754358 2235.668890
2021 04 09 11 59 00 5778628.889236 -2365910.740771 2235.674020 0.010000 0.010000 0.010000 0.000000 5778628.865467 -2365910.759073 2235.674020
2021 04 10 11 59 00 5778628.878287 -2365910.743844 2235.683330 0.010000 0.010000 0.010000 0.000000 5778628.854503 -2365910.762158 2235.683330
2021 04 11 11 59 00 5778628.896668 -2365910.731066 2235.663130 0.010000 0.010000 0.010000 0.000000 5778628.872869 -2365910.749392 2235.663130
2021 04 12 11 59 00 5778628.889629 -2365910.736819 2235.658530 0.010000 0.010000 0.010000 0.000000 5778628.865814 -2365910.755157 2235.658530
2021 04 13 11 59 00 5778628.897850 -2365910.734762 2235.656420 0.010000 0.010000 0.010000 0.000000 5778628.874020 -2365910.753111 2235.656420
2021 04 14 11 59 00 5778628.900291 -2365910.733185 2235.669840 0.010000 0.010000 0.010000 0.000000 5778628.876446 -2365910.751546 2235.669840
2021 04 15 11 59 00 5778628.880742 -2365910.738238 2235.678570 0.010000 0.010000 0.010000 0.000000 5778628.856882 -2365910.756611 2235.678570
2021 04 16 11 59 00 5778628.899533 -2365910.726081 2235.646670 0.010000 0.010000 0.010000 0.000000 5778628.875657 -2365910.744465 2235.646670
2021 04 17 11 59 00 5778628.883924 -2365910.733974 2235.653680 0.010000 0.010000 0.010000 0.000000 5778628.860033 -2365910.752370 2235.653680
2021 04 18 11 59 00 5778628.898465 -2365910.729286 2235.651870 0.010000 0.010000 0.010000 0.000000 5778628.874559 -2365910.747694 2235.651870
2021 04 19 11 59 00 5778628.902956 -2365910.726509 2235.646760 0.010000 0.010000 0.010000 0.000000 5778628.879035 -2365910.744929 2235.646760
2021 04 20 11 59 00 5778628.895947 -2365910.725282 2235.637180 0.010000 0.010000 0.010000 0.000000 5778628.872010 -2365910.743714 2235.637180
2021 04 21 11 59 00 5778628.893338 -2365910.727925 2235.667570 0.010000 0.010000 0.010000 0.000000 5778628.869386 -2365910.746368 2235.667570
2021 04 22 11 59 00 5778628.894849 -2365910.732398 2235.658300 0.010000 0.010000 0.010000 0.000000 5778628.870882 -2365910.750853 2235.658300
2021 04 23 11 59 00 5778628.884680 -2365910.726471 2235.650120 0.010000 0.010000 0.010000 0.000000 5778628.860698 -2365910.744937 2235.650120
2021 04 24 11 59 00 5778628.896861 -2365910.738104 2235.663970 0.010000 0.010000 0.010000 0.000000 5778628.872863 -2365910.756582 2235.663970
2021 04 25 11 59 00 5778628.899782 -2365910.727516 2235.647580 0.010000 0.010000 0.010000 0.000000 5778628.875769 -2365910.746007 2235.647580
2021 04 26 11 59 00 5778628.903513 -2365910.732249 2235.670000 0.010000 0.010000 0.010000 0.000000 5778628.879485 -2365910.750751 2235.670000
2021 04 27 11 59 00 5778628.902544 -2365910.725572 2235.639830 0.010000 0.010000 0.010000 0.000000 5778628.878501 -2365910.744086 2235.639830
2021 04 28 11 59 00 5778628.898095 -2365910.731695 2235.650780 0.010000 0.010000 0.010000 0.000000 5778628.874036 -2365910.750220 2235.650780
2021 04 29 11 59 00 5778628.890356 -2365910.737858 2235.690520 0.010000 0.010000 0.010000 0.000000 5778628.866282 -2365910.756395 2235.690520
2021 04 30 11 59 00 5778628.883197 -2365910.738221 2235.672180 0.010000 0.010000 0.010000 0.000000 5778628.859108 -2365910.756770 2235.672180
2021 05 01 11 59 00 5778628.904638 -2365910.735344 2235.644790 0.010000 0.010000 0.010000 0.000000 5778628.880534 -2365910.753904 2235.644790
2021 05 02 11 59 00 5778628.902489 -2365910.734616 2235.644410 0.010000 0.010000 0.010000 0.000000 5778628.878369 -2365910.753189 2235.644410
2021 05 03 11 59 00 5778628.902220 -2365910.737799 2235.646720 0.010000 0.010000 0.010000 0.000000 5778628.878085 -2365910.756383 2235.646720
2021 05 04 11 59 00 5778628.901761 -2365910.738082 2235.652070 0.010000 0.010000 0.010000 0.000000 5778628.877611 -2365910.756678 2235.652070
2021 05 05 11 59 00 5778628.901282 -2365910.739495 2235.658600 0.010000 0.010000 0.010000 0.000000 5778628.877117 -2365910.758102 2235.658600
2021 05 06 11 59 00 5778628.887503 -2365910.749528 2235.678450 0.010000 0.010000 0.010000 0.000000 5778628.863322 -2365910.768147 2235.678450
2021 05 07 11 59 00 5778628.903964 -2365910.739051 2235.652260 0.010000 0.010000 0.010000 0.000000 5778628.879768 -2365910.757682 2235.652260
2021 05 08 11 59 00 5778628.908895 -2365910.744284 2235.630280 0.010000 0.010000 0.010000 0.000000 5778628.884684 -2365910.762926 2235.630280
2021 05 09 11 59 00 5778628.897076 -2365910.739566 2235.646130 0.010000 0.010000 0.010000 0.000000 5778628.872850 -2365910.758221 2235.646130
2021 05 10 11 59 00 5778628.901817 -2365910.738519 2235.641360 0.010000 0.010000 0.010000 0.000000 5778628.877575 -2365910.757185 2235.641360
2021 05 11 11 59 00 5778628.901138 -2365910.741492 2235.638130 0.010000 0.010000 0.010000 0.000000 5778628.876881 -2365910.760170 2235.638130
2021 05 12 11 59 00 5778628.887619 -2365910.748045 2235.685070 0.010000 0.010000 0.010000 0.000000 5778628.863347 -2365910.766735 2235.685070
2021 05 13 11 59 00 5778628.901540 -2365910.737978 2235.638170 0.010000 0.010000 0.010000 0.000000 5778628.877252 -2365910.756679 2235.638170
2021 05 14 11 59 00 5778628.906981 -2365910.741421 2235.627870 0.010000 0.010000 0.010000 0.000000 5778628.882678 -2365910.760134 2235.627870
2021 05 15 11 59 00 5778628.905602 -2365910.737184 2235.640390 0.010000 0.010000 0.010000 0.000000 5778628.881284 -2365910.755908 2235.640390
2021 05 16 11 59 00 5778628.911133 -2365910.742316 2235.633700 0.010000 0.010000 0.010000 0.000000 5778628.886800 -2365910.761053 2235.633700
2021 05 17 11 59 00 5778628.909914 -2365910.742649 2235.627150 0.010000 0.010000 0.010000 0.000000 5778628.885565 -2365910.761398 2235.627150
2021 05 18 11 59 00 5778628.913215 -2365910.742322 2235.632250 0.010000 0.010000 0.010000 0.000000 5778628.888851 -2365910.761082 2235.632250
2021 05 19 11 59 00 5778628.905016 -2365910.736105 2235.630020 0.010000 0.010000 0.010000 0.000000 5778628.880637 -2365910.754877 2235.630020
2021 05 20 11 59 00 5778628.905887 -2365910.744898 2235.635250 0.010000 0.010000 0.010000 0.000000 5778628.881493 -2365910.763681 2235.635250
2021 05 21 11 59 00 5778628.903638 -2365910.735011 2235.639020 0.010000 0.010000 0.010000 0.000000 5778628.879228 -2365910.753806 2235.639020
2021 05 22 11 59 00 5778628.899049 -2365910.744953 2235.646090 0.010000 0.010000 0.010000 0.000000 5778628.874624 -2365910.763761 2235.646090
2021 05 23 11 59 00 5778628.899130 -2365910.736556 2235.625180 0.010000 0.010000 0.010000 0.000000 5778628.874690 -2365910.755375 2235.625180
2021 05 24 11 59 00 5778628.919851 -2365910.738439 2235.624350 0.010000 0.010000 0.010000 0.000000 5778628.895396 -2365910.757270 2235.624350
2021 05 25 11 59 00 5778628.903642 -2365910.741322 2235.641040 0.010000 0.010000 0.010000 0.000000 5778628.879171 -2365910.760164 2235.641040
2021 05 26 11 59 00 5778628.900503 -2365910.738005 2235.648750 0.010000 0.010000 0.010000 0.000000 5778628.876017 -2365910.756859 2235.648750
2021 05 27 11 59 00 5778628.900814 -2365910.734538 2235.633760 0.010000 0.010000 0.010000 0.000000 5778628.876313 -2365910.753404 2235.633760
2021 05 28 11 59 00 5778628.900305 -2365910.733061 2235.631400 0.010000 0.010000 0.010000 0.000000 5778628.875789 -2365910.751938 2235.631400
2021 05 29 11 59 00 5778628.900576 -2365910.734523 2235.632870 0.010000 0.010000 0.010000 0.000000 5778628.876044 -2365910.753413 2235.632870
2021 05 30 11 59 00 5778628.896117 -2365910.735366 2235.636120 0.010000 0.010000 0.010000 0.000000 5778628.871570 -2365910.754267 2235.636120
2021 05 31 11 59 00 5778628.899848 -2365910.729659 2235.638700 0.010000 0.010000 0.010000 0.000000 5778628.875286 -2365910.748572 2235.638700
2021 06 01 11 59 00 5778628.901769 -2365910.731842 2235.631730 0.010000 0.010000 0.010000 0.000000 5778628.877192 -2365910.750767 2235.631730
2021 06 02 11 59 00 5778628.904710 -2365910.728255 2235.652100 0.010000 0.010000 0.010000 0.000000 5778628.880117 -2365910.747191 2235.652100
2021 06 03 11 59 00 5778628.899591 -2365910.720988 2235.637580 0.010000 0.010000 0.010000 0.000000 5778628.874983 -2365910.739936 2235.637580
2021 06 04 11 59 00 5778628.908762 -2365910.727641 2235.649800 0.010000 0.010000 0.010000 0.000000 5778628.884139 -2365910.746600 2235.649800
2021 06 05 11 59 00 5778628.900813 -2365910.736223 2235.646360 0.010000 0.010000 0.010000 0.000000 5778628.876175 -2365910.755195 2235.646360
2021 06 06 11 59 00 5778628.910494 -2365910.726436 2235.654770 0.010000 0.010000 0.010000 0.000000 5778628.885840 -2365910.745419 2235.654770
2021 06 07 11 59 00 5778628.901815 -2365910.731529 2235.655580 0.010000 0.010000 0.010000 0.000000 5778628.877146 -2365910.750524 2235.655580
2021 06 08 11 59 00 5778628.900606 -2365910.730782 2235.657760 0.010000 0.010000 0.010000 0.000000 5778628.875922 -2365910.749789 2235.657760
2021 06 09 11 59 00 5778628.904877 -2365910.733645 2235.655400 0.010000 0.010000 0.010000 0.000000 5778628.880178 -2365910.752663 2235.655400
2021 06 10 11 59 00 5778628.906138 -2365910.734828 2235.663680 0.010000 0.010000 0.010000 0.000000 5778628.881423 -2365910.753858 2235.663680
2021 06 11 11 59 00 5778628.900589 -2365910.729331 2235.660410 0.010000 0.010000 0.010000 0.000000 5778628.875859 -2365910.748372 2235.660410
2021 06 12 11 59 00 5778628.914930 -2365910.731883 2235.661230 0.010000 0.010000 0.010000 0.000000 5778628.890185 -2365910.750937 2235.661230
2021 06 13 11 59 00 5778628.919351 -2365910.730196 2235.653620 0.010000 0.010000 0.010000 0.000000 5778628.894591 -2365910.749262 2235.653620
2021 06 14 11 59 00 5778628.908632 -2365910.735179 2235.665800 0.010000 0.010000 0.010000 0.000000 5778628.883856 -2365910.754256 2235.665800
2021 06 15 11 59 00 5778628.894003 -2365910.738832 2235.663810 0.010000 0.010000 0.010000 0.000000 5778628.869212 -2365910.757921 2235.663810
2021 06 16 11 59 00 5778628.900884 -2365910.732615 2235.663050 0.010000 0.010000 0.010000 0.000000 5778628.876078 -2365910.751715 2235.663050
2021 06 17 11 59 00 5778628.913285 -2365910.733678 2235.663300 0.010000 0.010000 0.010000 0.000000 5778628.888464 -2365910.752790 2235.663300
2021 06 18 11 59 00 5778628.912456 -2365910.729271 2235.657680 0.010000 0.010000 0.010000 0.000000 5778628.887619 -2365910.748395 2235.657680
2021 06 19 11 59 00 5778628.901917 -2365910.733053 2235.664460 0.010000 0.010000 0.010000 0.000000 5778628.877065 -2365910.752189 2235.664460
2021 06 20 11 59 00 5778628.903317 -2365910.737846 2235.678980 0.010000 0.010000 0.010000 0.000000 5778628.878451 -2365910.756994 2235.678980
2021 06 21 11 59 00 5778628.901118 -2365910.735629 2235.656700 0.010000 0.010000 0.010000 0.000000 5778628.876237 -2365910.754788 2235.656700
2021 06 22 11 59 00 5778628.899719 -2365910.735022 2235.655690 0.010000 0.010000 0.010000 0.000000 5778628.874822 -2365910.754193 2235.655690
2021 06 23 11 59 00 5778628.908360 -2365910.734755 2235.659260 0.010000 0.010000 0.010000 0.000000 5778628.883448 -2365910.753938 2235.659260
2021 06 24 11 59 00 5778628.904031 -2365910.736828 2235.654410 0.010000 0.010000 0.010000 0.000000 5778628.879104 -2365910.756022 2235.654410
2021 06 25 11 59 00 5778628.902632 -2365910.732701 2235.652190 0.010000 0.010000 0.010000 0.000000 5778628.877690 -2365910.751907 2235.652190
2021 06 26 11 59 00 5778628.904133 -2365910.738323 2235.655730 0.010000 0.010000 0.010000 0.000000 5778628.879175 -2365910.757541 2235.655730
2021 06 27 11 59 00 5778628.902334 -2365910.732466 2235.665290 0.010000 0.010000 0.010000 0.000000 5778628.877361 -2365910.751696 2235.665290
2021 06 28 11 59 00 5778628.902485 -2365910.736189 2235.647860 0.010000 0.010000 0.010000 0.000000 5778628.877497 -2365910.755431 2235.647860
2021 06 29 11 59 00 5778628.901086 -2365910.736132 2235.645600 0.010000 0.010000 0.010000 0.000000 5778628.876083 -2365910.755385 2235.645600
2021 06 30 11 59 00 5778628.893987 -2365910.739335 2235.662390 0.010000 0.010000 0.010000 0.000000 5778628.868968 -2365910.758600 2235.662390
2021 07 01 11 59 00 5778628.901118 -2365910.740228 2235.657930 0.010000 0.010000 0.010000 0.000000 5778628.876084 -2365910.759504 2235.657930
2021 07 02 11 59 00 5778628.900569 -2365910.738721 2235.646720 0.010000 0.010000 0.010000 0.000000 5778628.875520 -2365910.758009 2235.646720
2021 07 03 11 59 00 5778628.894940 -2365910.742753 2235.660110 0.010000 0.010000 0.010000 0.000000 5778628.869876 -2365910.762054 2235.660110
2021 07 04 11 59 00 5778628.901571 -2365910.737036 2235.647230 0.010000 0.010000 0.010000 0.000000 5778628.876491 -2365910.756348 2235.647230
2021 07 05 11 59 00 5778628.894442 -2365910.736639 2235.664640 0.010000 0.010000 0.010000 0.000000 5778628.869347 -2365910.755963 2235.664640
2021 07 06 11 59 00 5778628.904133 -2365910.735612 2235.644430 0.010000 0.010000 0.010000 0.000000 5778628.879023 -2365910.754947 2235.644430
2021 07 07 11 59 00 5778628.932114 -2365910.703395 2235.521470 0.010000 0.010000 0.019840 0.000000 5778628.906989 -2365910.722742 2235.521470
2021 07 08 11 59 00 5778628.915595 -2365910.738488 2235.669400 0.010000 0.010000 0.010000 0.000000 5778628.890454 -2365910.757847 2235.669400
2021 07 09 11 59 00 5778628.902926 -2365910.740990 2235.664330 0.010000 0.010000 0.010000 0.000000 5778628.877770 -2365910.760361 2235.664330
2021 07 10 11 59 00 5778628.906977 -2365910.738963 2235.661290 0.010000 0.010000 0.010000 0.000000 5778628.881806 -2365910.758346 2235.661290
2021 07 11 11 59 00 5778628.903358 -2365910.741316 2235.656290 0.010000 0.010000 0.010000 0.000000 5778628.878172 -2365910.760710 2235.656290
2021 07 12 11 59 00 5778628.902549 -2365910.741149 2235.656930 0.010000 0.010000 0.010000 0.000000 5778628.877347 -2365910.760555 2235.656930
2021 07 13 11 59 00 5778628.902510 -2365910.737402 2235.648690 0.010000 0.010000 0.010000 0.000000 5778628.877293 -2365910.756819 2235.648690
2021 07 14 11 59 00 5778628.907451 -2365910.739035 2235.658470 0.010000 0.010000 0.010000 0.000000 5778628.882219 -2365910.758464 2235.658470
2021 07 15 11 59 00 5778628.915552 -2365910.738988 2235.666420 0.010000 0.010000 0.010000 0.000000 5778628.890305 -2365910.758429 2235.666420
2021 07 16 11 59 00 5778628.893583 -2365910.734530 2235.672740 0.010000 0.010000 0.010000 0.000000 5778628.868320 -2365910.753983 2235.672740
2021 07 17 11 59 00 5778628.915454 -2365910.731563 2235.653380 0.010000 0.010000 0.010000 0.000000 5778628.890176 -2365910.751028 2235.653380
2021 07 18 11 59 00 5778628.905545 -2365910.731526 2235.653870 0.010000 0.010000 0.010000 0.000000 5778628.880252 -2365910.751002 2235.653870
2021 07 19 11 59 00 5778628.902356 -2365910.735879 2235.664190 0.010000 0.010000 0.010000 0.000000 5778628.877047 -2365910.755367 2235.664190
2021 07 20 11 59 00 5778628.894707 -2365910.731722 2235.667710 0.010000 0.010000 0.010000 0.000000 5778628.869383 -2365910.751222 2235.667710
2021 07 21 11 59 00 5778628.894368 -2365910.725515 2235.650130 0.010000 0.010000 0.010000 0.000000 5778628.869029 -2365910.745026 2235.650130
2021 07 22 11 59 00 5778628.904869 -2365910.733338 2235.655460 0.010000 0.010000 0.010000 0.000000 5778628.879515 -2365910.752861 2235.655460
2021 07 23 11 59 00 5778628.903570 -2365910.738410 2235.661870 0.010000 0.010000 0.010000 0.000000 5778628.878200 -2365910.757945 2235.661870
2021 07 24 11 59 00 5778628.910291 -2365910.736823 2235.663480 0.010000 0.010000 0.010000 0.000000 5778628.884906 -2365910.756370 2235.663480
2021 07 25 11 59 00 5778628.905562 -2365910.732446 2235.661940 0.010000 0.010000 0.010000 0.000000 5778628.880162 -2365910.752005 2235.661940
2021 07 26 11 59 00 5778628.889283 -2365910.731699 2235.664730 0.010000 0.010000 0.010000 0.000000 5778628.863868 -2365910.751269 2235.664730
2021 07 27 11 59 00 5778628.898984 -2365910.738862 2235.650080 0.010000 0.010000 0.010000 0.000000 5778628.873553 -2365910.758444 2235.650080
2021 07 28 11 59 00 5778628.891845 -2365910.732095 2235.659570 0.010000 0.010000 0.010000 0.000000 5778628.866399 -2365910.751688 2235.659570
2021 07 29 11 59 00 5778628.901436 -2365910.737258 2235.642180 0.010000 0.010000 0.010000 0.000000 5778628.875975 -2365910.756863 2235.642180
2021 07 30 11 59 00 5778628.900077 -2365910.730710 2235.652320 0.010000 0.010000 0.010000 0.000000 5778628.874601 -2365910.750328 2235.652320
2021 07 31 11 59 00 5778628.908198 -2365910.734103 2235.651360 0.010000 0.010000 0.010000 0.000000 5778628.882706 -2365910.753732 2235.651360
2021 08 01 11 59 00 5778628.904479 -2365910.734196 2235.657500 0.010000 0.010000 0.010000 0.000000 5778628.878972 -2365910.753837 2235.657500
2021 08 02 11 59 00 5778628.889660 -2365910.734349 2235.658820 0.010000 0.010000 0.010000 0.000000 5778628.864138 -2365910.754001 2235.658820
2021 08 03 11 59 00 5778628.901131 -2365910.740482 2235.655920 0.010000 0.010000 0.010000 0.000000 5778628.875594 -2365910.760146 2235.655920
2021 08 04 11 59 00 5778628.899772 -2365910.739835 2235.657780 0.010000 0.010000 0.010000 0.000000 5778628.874219 -2365910.759511 2235.657780
2021 08 05 11 59 00 5778628.910483 -2365910.737218 2235.658260 0.010000 0.010000 0.010000 0.000000 5778628.884915 -2365910.756905 2235.658260
2021 08 06 11 59 00 5778628.891494 -2365910.736890 2235.664380 0.010000 0.010000 0.010000 0.000000 5778628.865911 -2365910.756590 2235.664380
2021 08 07 11 59 00 5778628.906635 -2365910.735913 2235.659500 0.010000 0.010000 0.010000 0.000000 5778628.881037 -2365910.755624 2235.659500
2021 08 08 11 59 00 5778628.892166 -2365910.740966 2235.660530 0.010000 0.010000 0.010000 0.000000 5778628.866552 -2365910.760689 2235.660530
2021 08 09 11 59 00 5778628.908797 -2365910.742779 2235.647710 0.010000 0.010000 0.010000 0.000000 5778628.883168 -2365910.762514 2235.647710
2021 08 10 11 59 00 5778628.898568 -2365910.734082 2235.656650 0.010000 0.010000 0.010000 0.000000 5778628.872924 -2365910.753828 2235.656650
2021 08 11 11 59 00 5778628.902049 -2365910.739615 2235.656800 0.010000 0.010000 0.010000 0.000000 5778628.876390 -2365910.759373 2235.656800
2021 08 12 11 59 00 5778628.907810 -2365910.734958 2235.663100 0.010000 0.010000 0.010000 0.000000 5778628.882135 -2365910.754727 2235.663100
2021 08 13 11 59 00 5778628.894661 -2365910.735420 2235.654210 0.010000 0.010000 0.010000 0.000000 5778628.868971 -2365910.755202 2235.654210
2021 08 14 11 59 00 5778628.896732 -2365910.739673 2235.659480 0.010000 0.010000 0.010000 0.000000 5778628.871027 -2365910.759466 2235.659480
2021 08 15 11 59 00 5778628.900023 -2365910.737146 2235.655150 0.010000 0.010000 0.010000 0.000000 5778628.874303 -2365910.756951 2235.655150
2021 08 16 11 59 00 5778628.909474 -2365910.738859 2235.653180 0.010000 0.010000 0.010000 0.000000 5778628.883738 -2365910.758676 2235.653180
2021 08 17 11 59 00 5778628.886385 -2365910.748942 2235.677410 0.010000 0.010000 0.010000 0.000000 5778628.860634 -2365910.768770 2235.677410
2021 08 18 11 59 00 5778628.889706 -2365910.742385 2235.672970 0.010000 0.010000 0.010000 0.000000 5778628.863940 -2365910.762225 2235.672970
2021 08 19 11 59 00 5778628.899667 -2365910.741098 2235.667630 0.010000 0.010000 0.010000 0.000000 5778628.873886 -2365910.760949 2235.667630
2021 08 20 11 59 00 5778628.898108 -2365910.744850 2235.660500 0.010000 0.010000 0.010000 0.000000 5778628.872311 -2365910.764714 2235.660500
2021 08 21 11 59 00 5778628.896299 -2365910.743223 2235.657530 0.010000 0.010000 0.010000 0.000000 5778628.870487 -2365910.763099 2235.657530
2021 08 22 11 59 00 5778628.885760 -2365910.756656 2235.692690 0.010000 0.010000 0.010000 0.000000 5778628.859933 -2365910.776543 2235.692690
2021 08 23 11 59 00 5778628.895891 -2365910.744089 2235.660510 0.010000 0.010000 0.010000 0.000000 5778628.870049 -2365910.763988 2235.660510
2021 08 24 11 59 00 5778628.898692 -2365910.743682 2235.654840 0.010000 0.010000 0.010000 0.000000 5778628.872834 -2365910.763592 2235.654840
2021 08 25 11 59 00 5778628.906783 -2365910.742055 2235.661680 0.010000 0.010000 0.010000 0.000000 5778628.880910 -2365910.761977 2235.661680
2021 08 26 11 59 00 5778628.887754 -2365910.734537 2235.647540 0.010000 0.010000 0.010000 0.000000 5778628.861866 -2365910.754472 2235.647540
2021 08 27 11 59 00 5778628.894005 -2365910.742700 2235.647780 0.010000 0.010000 0.010000 0.000000 5778628.868102 -2365910.762646 2235.647780
2021 08 28 11 59 00 5778628.906226 -2365910.741553 2235.671440 0.010000 0.010000 0.010000 0.000000 5778628.880307 -2365910.761511 2235.671440
2021 08 29 11 59 00 5778628.896437 -2365910.743266 2235.647330 0.010000 0.010000 0.010000 0.000000 5778628.870503 -2365910.763235 2235.647330
2021 08 30 11 59 00 5778628.895748 -2365910.743909 2235.645070 0.010000 0.010000 0.010000 0.000000 5778628.869799 -2365910.763890 2235.645070
2021 08 31 11 59 00 5778628.896369 -2365910.742012 2235.641700 0.010000 0.010000 0.010000 0.000000 5778628.870405 -2365910.762005 2235.641700
2021 09 01 11 59 00 5778628.890650 -2365910.748075 2235.670530 0.010000 0.010000 0.010000 0.000000 5778628.864670 -2365910.768079 2235.670530
2021 09 02 11 59 00 5778628.896671 -2365910.741677 2235.641600 0.010000 0.010000 0.010000 0.000000 5778628.870676 -2365910.761694 2235.641600
2021 09 03 11 59 00 5778628.896592 -2365910.739530 2235.644100 0.010000 0.010000 0.010000 0.000000 5778628.870582 -2365910.759558 2235.644100
2021 09 04 11 59 00 5778628.897563 -2365910.739703 2235.637370 0.010000 0.010000 0.010000 0.000000 5778628.871538 -2365910.759743 2235.637370
2021 09 05 11 59 00 5778628.899464 -2365910.739436 2235.647930 0.010000 0.010000 0.010000 0.000000 5778628.873423 -2365910.759488 2235.647930
2021 09 06 11 59 00 5778628.905325 -2365910.737969 2235.656480 0.010000 0.010000 0.010000 0.000000 5778628.879269 -2365910.758032 2235.656480
2021 09 07 11 59 00 5778628.901996 -2365910.736752 2235.651550 0.010000 0.010000 0.010000 0.000000 5778628.875925 -2365910.756827 2235.651550
2021 09 08 11 59 00 5778628.898667 -2365910.747455 2235.655090 0.010000 0.010000 0.010000 0.000000 5778628.872581 -2365910.767541 2235.655090
2021 09 09 11 59 00 5778628.898518 -2365910.741627 2235.650560 0.010000 0.010000 0.010000 0.000000 5778628.872416 -2365910.761726 2235.650560
2021 09 10 11 59 00 5778628.895229 -2365910.740000 2235.647440 0.010000 0.010000 0.010000 0.000000 5778628.869112 -2365910.760111 2235.647440
2021 09 11 11 59 00 5778628.888450 -2365910.744433 2235.671730 0.010000 0.010000 0.010000 0.000000 5778628.862318 -2365910.764555 2235.671730
2021 09 12 11 59 00 5778628.889231 -2365910.746086 2235.657250 0.010000 0.010000 0.010000 0.000000 5778628.863084 -2365910.766220 2235.657250
2021 09 13 11 59 00 5778628.906682 -2365910.732569 2235.628320 0.010000 0.010000 0.010000 0.000000 5778628.880519 -2365910.752714 2235.628320
2021 09 14 11 59 00 5778628.891873 -2365910.744422 2235.657530 0.010000 0.010000 0.010000 0.000000 5778628.865695 -2365910.764579 2235.657530
2021 09 15 11 59 00 5778628.897024 -2365910.738555 2235.640620 0.010000 0.010000 0.010000 0.000000 5778628.870831 -2365910.758723 2235.640620
2021 09 16 11 59 00 5778628.901315 -2365910.743967 2235.647130 0.010000 0.010000 0.010000 0.000000 5778628.875107 -2365910.764148 2235.647130
2021 09 17 11 59 00 5778628.891176 -2365910.737740 2235.641450 0.010000 0.010000 0.010000 0.000000 5778628.864952 -2365910.757933 2235.641450
2021 09 18 11 59 00 5778628.900387 -2365910.744283 2235.642130 0.010000 0.010000 0.010710 0.000000 5778628.874148 -2365910.764487 2235.642130
2021 09 19 11 59 00 5778628.895118 -2365910.745446 2235.643270 0.010000 0.010000 0.010000 0.000000 5778628.868864 -2365910.765662 2235.643270
2021 09 20 11 59 00 5778628.891249 -2365910.743179 2235.648120 0.010000 0.010000 0.010000 0.000000 5778628.864979 -2365910.763406 2235.648120
2021 09 21 11 59 00 5778628.890570 -2365910.741962 2235.653780 0.010000 0.010000 0.010000 0.000000 5778628.864285 -2365910.762201 2235.653780
2021 09 22 11 59 00 5778628.897731 -2365910.748715 2235.656080 0.010000 0.010000 0.010000 0.000000 5778628.871431 -2365910.768966 2235.656080
2021 09 23 11 59 00 5778628.889312 -2365910.743137 2235.640530 0.010000 0.010000 0.010000 0.000000 5778628.862997 -2365910.763400 2235.640530
2021 09 24 11 59 00 5778628.893943 -2365910.743880 2235.662450 0.010000 0.010000 0.010000 0.000000 5778628.867612 -2365910.764155 2235.662450
2021 09 25 11 59 00 5778628.889744 -2365910.746463 2235.654740 0.010000 0.010000 0.010000 0.000000 5778628.863398 -2365910.766749 2235.654740
2021 09 26 11 59 00 5778628.896375 -2365910.738966 2235.635360 0.010000 0.010000 0.010000 0.000000 5778628.870014 -2365910.759264 2235.635360
2021 09 27 11 59 00 5778628.889396 -2365910.740559 2235.648140 0.010000 0.010000 0.011750 0.000000 5778628.863020 -2365910.760869 2235.648140
2021 09 28 11 59 00 5778628.904827 -2365910.739332 2235.642750 0.010000 0.010000 0.010000 0.000000 5778628.878435 -2365910.759653 2235.642750
2021 09 29 11 59 00 5778628.897438 -2365910.740435 2235.651200 0.010000 0.010000 0.010000 0.000000 5778628.871031 -2365910.760768 2235.651200
2021 09 30 11 59 00 5778628.911019 -2365910.746807 2235.661520 0.010000 0.010000 0.010000 0.000000 5778628.884597 -2365910.767152 2235.661520
2021 10 01 11 59 00 5778628.904300 -2365910.742520 2235.660570 0.010000 0.010000 0.010000 0.000000 5778628.877863 -2365910.762877 2235.660570
2021 10 02 11 59 00 5778628.910711 -2365910.743943 2235.661600 0.010000 0.010000 0.010000 0.000000 5778628.884258 -2365910.764312 2235.661600
2021 10 03 11 59 00 5778628.900662 -2365910.738056 2235.646130 0.010000 0.010000 0.010000 0.000000 5778628.874194 -2365910.758436 2235.646130
2021 10 04 11 59 00 5778628.908053 -2365910.737299 2235.644460 0.010000 0.010000 0.010000 0.000000 5778628.881570 -2365910.757691 2235.644460
2021 10 05 11 59 00 5778628.898794 -2365910.745252 2235.648430 0.010000 0.010000 0.010000 0.000000 5778628.872296 -2365910.765655 2235.648430
2021 10 06 11 59 00 5778628.897195 -2365910.740215 2235.638740 0.010000 0.010000 0.010000 0.000000 5778628.870681 -2365910.760630 2235.638740
2021 10 07 11 59 00 5778628.898336 -2365910.742667 2235.648910 0.010000 0.010000 0.013330 0.000000 5778628.871807 -2365910.763095 2235.648910
2021 10 08 11 59 00 5778628.891087 -2365910.739920 2235.641590 0.010000 0.010000 0.010000 0.000000 5778628.864543 -2365910.760359 2235.641590
2021 10 09 11 59 00 5778628.912798 -2365910.744083 2235.661140 0.010000 0.010000 0.010000 0.000000 5778628.886239 -2365910.764534 2235.661140
2021 10 10 11 59 00 5778628.893789 -2365910.741596 2235.633470 0.010000 0.010000 0.010000 0.000000 5778628.867214 -2365910.762058 2235.633470
2021 10 11 11 59 00 5778628.901820 -2365910.741809 2235.657050 0.010000 0.010000 0.010000 0.000000 5778628.875230 -2365910.762283 2235.657050
2021 10 12 11 59 00 5778628.896801 -2365910.742982 2235.649370 0.010000 0.010000 0.011070 0.000000 5778628.870196 -2365910.763468 2235.649370
2021 10 13 11 59 00 5778628.894692 -2365910.745594 2235.644960 0.010000 0.010000 0.010000 0.000000 5778628.868072 -2365910.766092 2235.644960
2021 10 14 11 59 00 5778628.897463 -2365910.739897 2235.638300 0.010000 0.010000 0.010000 0.000000 5778628.870827 -2365910.760407 2235.638300
2021 10 15 11 59 00 5778628.899364 -2365910.747220 2235.643680 0.010000 0.010000 0.010000 0.000000 5778628.872713 -2365910.767741 2235.643680
2021 10 16 11 59 00 5778628.885665 -2365910.737293 2235.646450 0.010000 0.010000 0.010000 0.000000 5778628.858999 -2365910.757826 2235.646450
2021 10 17 11 59 00 5778628.898676 -2365910.742266 2235.630620 0.010000 0.010000 0.010000 0.000000 5778628.871995 -2365910.762810 2235.630620
2021 10 18 11 59 00 5778628.903527 -2365910.737049 2235.642590 0.010000 0.010000 0.010000 0.000000 5778628.876830 -2365910.757605 2235.642590
2021 10 19 11 59 00 5778628.908858 -2365910.739212 2235.634570 0.010000 0.010000 0.010000 0.000000 5778628.882146 -2365910.759780 2235.634570
2021 10 20 11 59 00 5778628.905039 -2365910.736784 2235.633550 0.010000 0.010000 0.010000 0.000000 5778628.878312 -2365910.757364 2235.633550
2021 10 21 11 59 00 5778628.909930 -2365910.734377 2235.644700 0.010000 0.010000 0.010000 0.000000 5778628.883188 -2365910.754969 2235.644700
2021 10 22 11 59 00 5778628.889381 -2365910.735450 2235.636920 0.010000 0.010000 0.010000 0.000000 5778628.862623 -2365910.756053 2235.636920
2021 10 23 11 59 00 5778628.908032 -2365910.738803 2235.626080 0.010000 0.010000 0.010000 0.000000 5778628.881259 -2365910.759418 2235.626080
2021 10 24 11 59 00 5778628.909843 -2365910.738786 2235.625130 0.010000 0.010000 0.010000 0.000000 5778628.883055 -2365910.759413 2235.625130
2021 10 25 11 59 00 5778628.900704 -2365910.738079 2235.633160 0.010000 0.010000 0.010000 0.000000 5778628.873901 -2365910.758717 2235.633160
2021 10 26 11 59 00 5778628.904765 -2365910.737942 2235.626110 0.010000 0.010000 0.010000 0.000000 5778628.877946 -2365910.758592 2235.626110
2021 10 27 11 59 00 5778628.907796 -2365910.739844 2235.634250 0.010000 0.010000 0.010000 0.000000 5778628.880962 -2365910.760506 2235.634250
2021 10 28 11 59 00 5778628.905387 -2365910.743747 2235.624430 0.010000 0.010000 0.011780 0.000000 5778628.878538 -2365910.764421 2235.624430
2021 10 29 11 59 00 5778628.894428 -2365910.744850 2235.644880 0.010000 0.010000 0.010000 0.000000 5778628.867564 -2365910.765536 2235.644880
2021 10 30 11 59 00 5778628.901299 -2365910.748463 2235.648450 0.010000 0.010000 0.010000 0.000000 5778628.874419 -2365910.769160 2235.648450
2021 10 31 11 59 00 5778628.918759 -2365910.747286 2235.627090 0.010000 0.010000 0.010000 0.000000 5778628.891865 -2365910.767995 2235.627090
2021 11 01 11 59 00 5778628.899380 -2365910.734189 2235.635160 0.010270 0.010000 0.020010 0.000000 5778628.872471 -2365910.754909 2235.635160
2021 11 02 11 59 00 5778628.911381 -2365910.753442 2235.544070 0.042900 0.032730 0.072610 0.000000 5778628.884457 -2365910.774174 2235.544070
2021 11 03 11 59 00 5778628.785112 -2365910.739714 2235.661020 0.116780 0.010000 0.124960 0.000000 5778628.758172 -2365910.760459 2235.661020
2021 11 04 11 59 00 5778628.918813 -2365910.747067 2235.640870 0.010000 0.010000 0.026510 0.000000 5778628.891858 -2365910.767823 2235.640870
2021 11 05 11 59 00 5778628.902674 -2365910.742120 2235.659890 0.010000 0.010000 0.014340 0.000000 5778628.875704 -2365910.762888 2235.659890
2021 11 06 11 59 00 5778628.922125 -2365910.721413 2235.531930 0.010000 0.010000 0.025680 0.000000 5778628.895140 -2365910.742192 2235.531930
2021 11 07 11 59 00 5778628.900116 -2365910.735316 2235.611200 0.010000 0.010000 0.014750 0.000000 5778628.873115 -2365910.756107 2235.611200
2021 11 08 11 59 00 5778628.896887 -2365910.731819 2235.622860 0.010000 0.010000 0.023200 0.000000 5778628.869871 -2365910.752622 2235.622860
2021 11 09 11 59 00 5778628.898978 -2365910.743702 2235.644200 0.010000 0.010000 0.012520 0.000000 5778628.871947 -2365910.764516 2235.644200
2021 11 10 11 59 00 5778628.901869 -2365910.748194 2235.636070 0.010000 0.010000 0.013420 0.000000 5778628.874823 -2365910.769021 2235.636070
2021 11 11 11 59 00 5778628.917080 -2365910.742707 2235.644730 0.010000 0.010000 0.012820 0.000000 5778628.890018 -2365910.763545 2235.644730
2021 11 12 11 59 00 5778628.908121 -2365910.754290 2235.621850 0.010000 0.010000 0.015130 0.000000 5778628.881044 -2365910.775140 2235.621850
2021 11 13 11 59 00 5778628.901002 -2365910.745833 2235.630700 0.010000 0.010000 0.010000 0.000000 5778628.873910 -2365910.766695 2235.630700
2021 11 29 11 59 00 5778628.895208 -2365910.746749 2235.655600 0.010000 0.010000 0.010000 0.000000 5778628.867872 -2365910.767798 2235.655600
2021 11 30 11 59 00 5778628.895349 -2365910.741971 2235.650880 0.010000 0.010000 0.010000 0.000000 5778628.867997 -2365910.763033 2235.650880
2021 12 01 11 59 00 5778628.891160 -2365910.740134 2235.640580 0.010000 0.010000 0.010000 0.000000 5778628.863793 -2365910.761207 2235.640580
2021 12 02 11 59 00 5778628.909581 -2365910.744217 2235.650240 0.010000 0.010000 0.010000 0.000000 5778628.882199 -2365910.765302 2235.650240
2021 12 03 11 59 00 5778628.896352 -2365910.742500 2235.634240 0.010000 0.010000 0.010000 0.000000 5778628.868955 -2365910.763596 2235.634240
2021 12 04 11 59 00 5778628.920103 -2365910.747353 2235.627620 0.010000 0.010000 0.010000 0.000000 5778628.892690 -2365910.768461 2235.627620
2021 12 05 11 59 00 5778628.895324 -2365910.745336 2235.640590 0.010000 0.010000 0.010000 0.000000 5778628.867896 -2365910.766456 2235.640590
2021 12 06 11 59 00 5778628.898955 -2365910.747519 2235.643970 0.010000 0.010000 0.010000 0.000000 5778628.871512 -2365910.768650 2235.643970
2021 12 07 11 59 00 5778628.896536 -2365910.740571 2235.641660 0.010000 0.010000 0.010000 0.000000 5778628.869078 -2365910.761715 2235.641660
2021 12 08 11 59 00 5778628.899147 -2365910.745624 2235.649530 0.010000 0.010000 0.010000 0.000000 5778628.871673 -2365910.766779 2235.649530
2021 12 09 11 59 00 5778628.897408 -2365910.750427 2235.642270 0.010000 0.010000 0.010000 0.000000 5778628.869919 -2365910.771594 2235.642270
2021 12 10 11 59 00 5778628.895419 -2365910.744350 2235.649360 0.010000 0.010000 0.010000 0.000000 5778628.867915 -2365910.765529 2235.649360
2021 12 11 11 59 00 5778628.915590 -2365910.745173 2235.650830 0.010000 0.010000 0.010000 0.000000 5778628.888071 -2365910.766363 2235.650830
2021 12 12 11 59 00 5778628.899311 -2365910.742496 2235.643520 0.010000 0.010000 0.010000 0.000000 5778628.871776 -2365910.763698 2235.643520
2021 12 13 11 59 00 5778628.895462 -2365910.742699 2235.644640 0.010000 0.010000 0.010000 0.000000 5778628.867912 -2365910.763912 2235.644640
2021 12 14 11 59 00 5778628.895323 -2365910.744091 2235.644430 0.010000 0.010000 0.010000 0.000000 5778628.867758 -2365910.765317 2235.644430
2021 12 15 11 59 00 5778628.892124 -2365910.745904 2235.643190 0.010000 0.010000 0.010000 0.000000 5778628.864544 -2365910.767142 2235.643190
2021 12 16 11 59 00 5778628.909475 -2365910.737357 2235.658260 0.010000 0.010000 0.010000 0.000000 5778628.881879 -2365910.758606 2235.658260
2021 12 17 11 59 00 5778628.907846 -2365910.740300 2235.649600 0.010000 0.010000 0.010000 0.000000 5778628.880235 -2365910.761561 2235.649600
2021 12 18 11 59 00 5778628.894377 -2365910.739223 2235.653670 0.010000 0.010000 0.010000 0.000000 5778628.866751 -2365910.760495 2235.653670
2021 12 19 11 59 00 5778628.902588 -2365910.746706 2235.649320 0.010000 0.010000 0.010000 0.000000 5778628.874947 -2365910.767990 2235.649320
2021 12 20 11 59 00 5778628.895379 -2365910.749809 2235.631080 0.010000 0.010000 0.010000 0.000000 5778628.867722 -2365910.771105 2235.631080
2021 12 21 11 59 00 5778628.894280 -2365910.746471 2235.648430 0.010000 0.010000 0.010000 0.000000 5778628.866608 -2365910.767779 2235.648430
2021 12 22 11 59 00 5778628.902081 -2365910.743624 2235.649080 0.010000 0.010000 0.010000 0.000000 5778628.874394 -2365910.764944 2235.649080
2021 12 23 11 59 00 5778628.896662 -2365910.736237 2235.642070 0.010000 0.010000 0.010000 0.000000 5778628.868960 -2365910.757568 2235.642070
2021 12 24 11 59 00 5778628.900163 -2365910.740440 2235.640920 0.010000 0.010000 0.010000 0.000000 5778628.872445 -2365910.761783 2235.640920
2021 12 25 11 59 00 5778628.898174 -2365910.733723 2235.648430 0.010000 0.010000 0.010000 0.000000 5778628.870441 -2365910.755077 2235.648430
2021 12 26 11 59 00 5778628.898925 -2365910.738886 2235.634630 0.010000 0.010000 0.010000 0.000000 5778628.871177 -2365910.760252 2235.634630
2021 12 27 11 59 00 5778628.906446 -2365910.739509 2235.648300 0.010000 0.010000 0.010190 0.000000 5778628.878683 -2365910.760887 2235.648300
2021 12 28 11 59 00 5778628.899317 -2365910.739231 2235.631590 0.010000 0.010000 0.010000 0.000000 5778628.871538 -2365910.760621 2235.631590
2021 12 29 11 59 00 5778628.897748 -2365910.735974 2235.637520 0.010000 0.010000 0.010000 0.000000 5778628.869954 -2365910.757376 2235.637520
2021 12 30 11 59 00 5778628.889439 -2365910.726977 2235.628770 0.010000 0.010000 0.010960 0.000000 5778628.861630 -2365910.748390 2235.628770
2021 12 31 11 59 00 5778628.907380 -2365910.740230 2235.646620 0.010000 0.010000 0.010000 0.000000 5778628.879556 -2365910.761655 2235.646620
2022 01 01 11 59 00 5778628.910691 -2365910.736043 2235.657850 0.010000 0.010000 0.010000 0.000000 5778628.882851 -2365910.757480 2235.657850
2022 01 02 11 59 00 5778628.893262 -2365910.731296 2235.610830 0.010000 0.010000 0.014240 0.000000 5778628.865407 -2365910.752744 2235.610830
2022 01 03 11 59 00 5778628.888083 -2365910.746739 2235.615320 0.021590 0.010000 0.039090 0.000000 5778628.860213 -2365910.768199 2235.615320
2022 01 05 11 59 00 5778628.901835 -2365910.744064 2235.643430 0.010000 0.010000 0.015860 0.000000 5778628.873934 -2365910.765548 2235.643430
2022 01 06 11 59 00 5778628.903226 -2365910.740267 2235.631010 0.010000 0.010000 0.010000 0.000000 5778628.875310 -2365910.761763 2235.631010
2022 01 07 11 59 00 5778628.903457 -2365910.732780 2235.638650 0.010000 0.010000 0.014420 0.000000 5778628.875526 -2365910.754287 2235.638650
2022 01 08 11 59 00 5778628.906348 -2365910.724313 2235.624640 0.010000 0.010000 0.015220 0.000000 5778628.878402 -2365910.745832 2235.624640
2022 01 09 11 59 00 5778628.899589 -2365910.733736 2235.648140 0.010000 0.010000 0.012180 0.000000 5778628.871627 -2365910.755266 2235.648140
2022 01 10 11 59 00 5778628.905130 -2365910.736409 2235.630810 0.010000 0.010000 0.010000 0.000000 5778628.877153 -2365910.757951 2235.630810
2022 01 11 11 59 00 5778628.896961 -2365910.734221 2235.619990 0.010000 0.010000 0.010000 0.000000 5778628.868969 -2365910.755776 2235.619990
2022 01 12 11 59 00 5778628.908822 -2365910.733024 2235.635340 0.010000 0.010000 0.010000 0.000000 5778628.880815 -2365910.754590 2235.635340
2022 01 13 11 59 00 5778628.919713 -2365910.732657 2235.626450 0.010000 0.010000 0.010000 0.000000 5778628.891690 -2365910.754235 2235.626450
2022 01 14 11 59 00 NaN NaN NaN 1.533130 0.087680 1.541360 NaN NaN NaN NaN
2022 01 15 11 59 00 5778628.901145 -2365910.733393 2235.625320 0.010000 0.010000 0.010260 0.000000 5778628.873092 -2365910.754994 2235.625320
2022 01 16 11 59 00 5778628.911086 -2365910.728166 2235.637230 0.010000 0.010000 0.010000 0.000000 5778628.883018 -2365910.749779 2235.637230
2022 01 17 11 59 00 5778628.913157 -2365910.725478 2235.632680 0.010000 0.010000 0.010000 0.000000 5778628.885073 -2365910.747103 2235.632680
2022 01 18 11 59 00 5778628.916178 -2365910.732341 2235.627070 0.010000 0.010000 0.010000 0.000000 5778628.888079 -2365910.753978 2235.627070
2022 01 19 11 59 00 5778628.923109 -2365910.735454 2235.637830 0.010000 0.010000 0.010000 0.000000 5778628.894995 -2365910.757102 2235.637830
2022 01 20 11 59 00 5778628.912200 -2365910.732347 2235.635640 0.010000 0.010000 0.010000 0.000000 5778628.884071 -2365910.754007 2235.635640
2022 01 21 11 59 00 5778628.909851 -2365910.732280 2235.633540 0.010000 0.010000 0.010000 0.000000 5778628.881706 -2365910.753952 2235.633540
2022 01 22 11 59 00 5778628.910772 -2365910.739553 2235.629580 0.010000 0.010000 0.010000 0.000000 5778628.882612 -2365910.761236 2235.629580
2022 01 23 11 59 00 5778628.916463 -2365910.731416 2235.632080 0.010000 0.010000 0.010000 0.000000 5778628.888288 -2365910.753111 2235.632080
2022 01 24 11 59 00 5778628.901504 -2365910.747268 2235.659520 0.010000 0.010000 0.014690 0.000000 5778628.873314 -2365910.768975 2235.659520
2022 01 25 11 59 00 5778628.911435 -2365910.731311 2235.624460 0.010000 0.010000 0.010000 0.000000 5778628.883229 -2365910.753030 2235.624460
2022 01 26 11 59 00 5778628.908826 -2365910.735484 2235.631030 0.010000 0.010000 0.010000 0.000000 5778628.880605 -2365910.757214 2235.631030
2022 01 27 11 59 00 5778628.910497 -2365910.733587 2235.636840 0.010000 0.010000 0.010000 0.000000 5778628.882261 -2365910.755329 2235.636840
2022 03 05 11 59 00 5778628.903504 -2365910.740203 2235.613890 0.010000 0.010000 0.010000 0.000000 5778628.874703 -2365910.762379 2235.613890
2022 03 06 11 59 00 5778628.910285 -2365910.740696 2235.624920 0.010000 0.010000 0.010000 0.000000 5778628.881469 -2365910.762884 2235.624920
2022 03 07 11 59 00 5778628.901566 -2365910.736448 2235.624640 0.010000 0.010000 0.010000 0.000000 5778628.872735 -2365910.758648 2235.624640
2022 03 08 11 59 00 5778628.907257 -2365910.744691 2235.642090 0.010000 0.010000 0.010000 0.000000 5778628.878411 -2365910.766903 2235.642090
2022 03 09 11 59 00 5778628.896448 -2365910.741424 2235.610810 0.010000 0.010000 0.010000 0.000000 5778628.867586 -2365910.763647 2235.610810
2022 03 10 11 59 00 5778628.911919 -2365910.743517 2235.633140 0.010000 0.010000 0.010000 0.000000 5778628.883042 -2365910.765752 2235.633140
2022 03 11 11 59 00 5778628.906950 -2365910.736810 2235.627300 0.010000 0.010000 0.010000 0.000000 5778628.878058 -2365910.759057 2235.627300
2022 03 12 11 59 00 5778628.910080 -2365910.740133 2235.640260 0.010000 0.010000 0.010000 0.000000 5778628.881174 -2365910.762391 2235.640260
2022 03 13 11 59 00 5778628.910891 -2365910.739185 2235.632260 0.010000 0.010000 0.010000 0.000000 5778628.881969 -2365910.761456 2235.632260
2022 03 14 11 59 00 5778628.921192 -2365910.745048 2235.662880 0.010000 0.010000 0.010000 0.000000 5778628.892255 -2365910.767330 2235.662880
2022 03 15 11 59 00 5778628.919023 -2365910.737651 2235.632200 0.010000 0.010000 0.010000 0.000000 5778628.890071 -2365910.759945 2235.632200
2022 03 16 11 59 00 5778628.909014 -2365910.738854 2235.632640 0.010000 0.010000 0.010000 0.000000 5778628.880047 -2365910.761160 2235.632640
2022 03 17 11 59 00 5778628.906715 -2365910.742077 2235.626000 0.010000 0.010000 0.010000 0.000000 5778628.877732 -2365910.764394 2235.626000
2022 03 18 11 59 00 5778628.901316 -2365910.742930 2235.634940 0.010000 0.010000 0.010000 0.000000 5778628.872318 -2365910.765259 2235.634940
2022 03 19 11 59 00 5778628.909977 -2365910.742303 2235.632680 0.010000 0.010000 0.010000 0.000000 5778628.880964 -2365910.764643 2235.632680
2022 03 20 11 59 00 5778628.908978 -2365910.743475 2235.636450 0.010000 0.010000 0.010000 0.000000 5778628.879950 -2365910.765828 2235.636450
2022 03 21 11 59 00 5778628.899549 -2365910.744608 2235.631680 0.010000 0.010000 0.010000 0.000000 5778628.870505 -2365910.766973 2235.631680
2022 03 22 11 59 00 NaN NaN NaN 1.558460 0.089450 1.571290 NaN NaN NaN NaN
2022 03 23 11 59 00 5778628.908321 -2365910.748524 2235.653570 0.010000 0.010000 0.010000 0.000000 5778628.879247 -2365910.770912 2235.653570
2022 03 24 11 59 00 5778628.909142 -2365910.741987 2235.647390 0.010000 0.010000 0.010000 0.000000 5778628.880053 -2365910.764386 2235.647390
2022 03 25 11 59 00 5778628.895673 -2365910.744230 2235.632090 0.010000 0.010000 0.010000 0.000000 5778628.866568 -2365910.766641 2235.632090
2022 03 26 11 59 00 5778628.905204 -2365910.745683 2235.624370 0.010000 0.010000 0.010000 0.000000 5778628.876084 -2365910.768106 2235.624370
2022 03 27 11 59 00 5778628.908315 -2365910.744715 2235.636840 0.010000 0.010000 0.010000 0.000000 5778628.879180 -2365910.767150 2235.636840
2022 03 28 11 59 00 5778628.905966 -2365910.745448 2235.627320 0.010000 0.010000 0.010000 0.000000 5778628.876816 -2365910.767895 2235.627320
2022 03 29 11 59 00 5778628.909647 -2365910.737061 2235.644030 0.010000 0.010000 0.010340 0.000000 5778628.880481 -2365910.759519 2235.644030
2022 03 30 11 59 00 5778628.898448 -2365910.730114 2235.622380 0.010000 0.010000 0.010000 0.000000 5778628.869267 -2365910.752584 2235.622380
2022 03 31 11 59 00 5778628.903079 -2365910.733947 2235.617510 0.010000 0.010000 0.010000 0.000000 5778628.873883 -2365910.756428 2235.617510
2022 04 01 11 59 00 5778628.893560 -2365910.744970 2235.636000 0.010000 0.010000 0.014160 0.000000 5778628.864349 -2365910.767463 2235.636000
2022 04 02 11 59 00 5778628.904421 -2365910.745363 2235.618360 0.010000 0.010000 0.010000 0.000000 5778628.875194 -2365910.767868 2235.618360
2022 04 03 11 59 00 5778628.905222 -2365910.742335 2235.611040 0.010000 0.010000 0.010000 0.000000 5778628.875980 -2365910.764852 2235.611040
2022 04 04 11 59 00 5778628.904153 -2365910.735698 2235.618130 0.010000 0.010000 0.010000 0.000000 5778628.874896 -2365910.758227 2235.618130
2022 04 05 11 59 00 5778628.906774 -2365910.740351 2235.623190 0.010000 0.010000 0.010000 0.000000 5778628.877502 -2365910.762891 2235.623190
2022 04 06 11 59 00 5778628.908945 -2365910.743614 2235.617710 0.010000 0.010000 0.010000 0.000000 5778628.879657 -2365910.766166 2235.617710
2022 04 07 11 59 00 5778628.904936 -2365910.738857 2235.611920 0.010000 0.010000 0.010000 0.000000 5778628.875633 -2365910.761421 2235.611920
2022 04 08 11 59 00 5778628.910027 -2365910.744250 2235.619390 0.010000 0.010000 0.010000 0.000000 5778628.880709 -2365910.766825 2235.619390
2022 04 09 11 59 00 5778628.910058 -2365910.741193 2235.616040 0.010000 0.010000 0.010000 0.000000 5778628.880724 -2365910.763780 2235.616040
2022 04 10 11 59 00 5778628.905319 -2365910.745745 2235.607900 0.010000 0.010000 0.010000 0.000000 5778628.875970 -2365910.768344 2235.607900
2022 04 11 11 59 00 5778628.903240 -2365910.742928 2235.612790 0.010000 0.010000 0.010000 0.000000 5778628.873876 -2365910.765539 2235.612790
2022 04 12 11 59 00 5778628.904751 -2365910.733391 2235.618820 0.010000 0.010000 0.010000 0.000000 5778628.875372 -2365910.756014 2235.618820
2022 04 13 11 59 00 5778628.894562 -2365910.746264 2235.635160 0.010000 0.010000 0.011400 0.000000 5778628.865167 -2365910.768898 2235.635160
2022 04 14 11 59 00 5778628.907603 -2365910.739437 2235.613110 0.010000 0.010000 0.010000 0.000000 5778628.878193 -2365910.762083 2235.613110
2022 04 15 11 59 00 5778628.908314 -2365910.741280 2235.609140 0.010000 0.010000 0.010000 0.000000 5778628.878889 -2365910.763937 2235.609140
2022 04 16 11 59 00 5778628.913365 -2365910.738093 2235.611480 0.010000 0.010000 0.010000 0.000000 5778628.883925 -2365910.760762 2235.611480
2022 04 17 11 59 00 5778628.892506 -2365910.745635 2235.622020 0.010000 0.010000 0.013490 0.000000 5778628.863050 -2365910.768317 2235.622020
2022 04 18 11 59 00 5778628.902107 -2365910.745868 2235.635250 0.010000 0.010000 0.010000 0.000000 5778628.872636 -2365910.768561 2235.635250
2022 04 19 11 59 00 5778628.932538 -2365910.722211 2235.517500 0.010000 0.010000 0.017780 0.000000 5778628.903052 -2365910.744916 2235.517500
2022 04 20 11 59 00 5778628.907759 -2365910.750564 2235.641750 0.010000 0.010000 0.010000 0.000000 5778628.878258 -2365910.773280 2235.641750
2022 04 21 11 59 00 5778628.917920 -2365910.743117 2235.603380 0.010000 0.010000 0.010000 0.000000 5778628.888403 -2365910.765845 2235.603380
2022 04 22 11 59 00 5778628.927691 -2365910.748720 2235.569560 0.010000 0.010000 0.010000 0.000000 5778628.898159 -2365910.771460 2235.569560
2022 04 23 11 59 00 5778628.902492 -2365910.739863 2235.616530 0.010000 0.010000 0.010000 0.000000 5778628.872945 -2365910.762614 2235.616530
2022 04 24 11 59 00 5778628.914093 -2365910.750815 2235.603670 0.010000 0.010000 0.010000 0.000000 5778628.884531 -2365910.773579 2235.603670
2022 04 25 11 59 00 NaN NaN NaN 1.542260 0.088130 1.547910 NaN NaN NaN NaN
2022 04 26 11 59 00 5778628.903895 -2365910.746561 2235.617980 0.010000 0.010000 0.010000 0.000000 5778628.874302 -2365910.769348 2235.617980
2022 04 27 11 59 00 5778628.910596 -2365910.746134 2235.612880 0.010000 0.010000 0.010000 0.000000 5778628.880988 -2365910.768933 2235.612880
2022 04 28 11 59 00 5778628.905687 -2365910.749387 2235.620260 0.010000 0.010000 0.010000 0.000000 5778628.876064 -2365910.772197 2235.620260
2022 04 29 11 59 00 5778628.938428 -2365910.734420 2235.641770 0.010000 0.010000 0.010000 0.000000 5778628.908789 -2365910.757242 2235.641770
2022 04 30 11 59 00 5778628.906159 -2365910.752992 2235.605890 0.010000 0.010000 0.010000 0.000000 5778628.876505 -2365910.775826 2235.605890
2022 05 01 11 59 00 5778628.910300 -2365910.757195 2235.623420 0.010000 0.010000 0.010000 0.000000 5778628.880631 -2365910.780041 2235.623420
2022 05 02 11 59 00 5778628.927421 -2365910.742378 2235.591310 0.010000 0.010000 0.010000 0.000000 5778628.897737 -2365910.765236 2235.591310
2022 05 03 11 59 00 5778628.909742 -2365910.745281 2235.626700 0.010000 0.010000 0.010000 0.000000 5778628.880042 -2365910.768150 2235.626700
2022 05 04 11 59 00 5778628.923823 -2365910.746004 2235.622980 0.010000 0.010000 0.010000 0.000000 5778628.894108 -2365910.768885 2235.622980
2022 05 05 11 59 00 5778628.915814 -2365910.749057 2235.618840 0.010000 0.010000 0.010000 0.000000 5778628.886084 -2365910.771949 2235.618840
2022 05 06 11 59 00 5778628.908115 -2365910.745600 2235.614240 0.010000 0.010000 0.010000 0.000000 5778628.878370 -2365910.768504 2235.614240
2022 05 07 11 59 00 5778628.906306 -2365910.745452 2235.612140 0.010000 0.010000 0.010000 0.000000 5778628.876545 -2365910.768368 2235.612140
2022 05 08 11 59 00 5778628.895887 -2365910.746865 2235.644430 0.010000 0.010000 0.010000 0.000000 5778628.866111 -2365910.769793 2235.644430
2022 05 09 11 59 00 5778628.904798 -2365910.744588 2235.616800 0.010000 0.010000 0.010000 0.000000 5778628.875007 -2365910.767528 2235.616800
2022 05 10 11 59 00 5778628.919439 -2365910.747081 2235.634410 0.010000 0.010000 0.010000 0.000000 5778628.889633 -2365910.770032 2235.634410
2022 05 11 11 59 00 5778628.922860 -2365910.745984 2235.623970 0.010000 0.010000 0.010000 0.000000 5778628.893038 -2365910.768947 2235.623970
2022 05 12 11 59 00 5778628.901881 -2365910.746417 2235.631530 0.010000 0.010000 0.010000 0.000000 5778628.872044 -2365910.769391 2235.631530
2022 05 13 11 59 00 5778628.902142 -2365910.745550 2235.622520 0.010000 0.010000 0.010000 0.000000 5778628.872290 -2365910.768536 2235.622520
2022 05 14 11 59 00 5778628.900403 -2365910.747632 2235.619850 0.010000 0.010000 0.010000 0.000000 5778628.870536 -2365910.770631 2235.619850
2022 05 15 11 59 00 5778628.898534 -2365910.743605 2235.620360 0.010000 0.010000 0.010000 0.000000 5778628.868651 -2365910.766615 2235.620360
2022 05 16 11 59 00 5778628.906165 -2365910.747228 2235.616170 0.010000 0.010000 0.010000 0.000000 5778628.876267 -2365910.770250 2235.616170
2022 05 17 11 59 00 5778628.889866 -2365910.749891 2235.630610 0.010000 0.010000 0.010000 0.000000 5778628.859953 -2365910.772924 2235.630610
2022 05 18 11 59 00 5778628.906587 -2365910.747094 2235.615070 0.010000 0.010000 0.010000 0.000000 5778628.876659 -2365910.770139 2235.615070
2022 05 19 11 59 00 5778628.906218 -2365910.742307 2235.618880 0.010000 0.010000 0.010000 0.000000 5778628.876274 -2365910.765364 2235.618880
2022 05 20 11 59 00 5778628.906829 -2365910.737160 2235.617510 0.010000 0.010000 0.010000 0.000000 5778628.876870 -2365910.760228 2235.617510
2022 05 21 11 59 00 5778628.904020 -2365910.745772 2235.625090 0.010000 0.010000 0.010000 0.000000 5778628.874046 -2365910.768853 2235.625090
2022 05 22 11 59 00 5778628.905851 -2365910.745305 2235.616110 0.010000 0.010000 0.010000 0.000000 5778628.875862 -2365910.768397 2235.616110
2022 05 23 11 59 00 5778628.905062 -2365910.741368 2235.606050 0.010000 0.010000 0.010000 0.000000 5778628.875057 -2365910.764472 2235.606050
2022 05 24 11 59 00 5778628.904523 -2365910.741641 2235.619760 0.010000 0.010000 0.010000 0.000000 5778628.874503 -2365910.764757 2235.619760
2022 05 25 11 59 00 5778628.907384 -2365910.738744 2235.611180 0.010000 0.010000 0.010000 0.000000 5778628.877349 -2365910.761871 2235.611180
2022 05 26 11 59 00 5778628.902015 -2365910.742647 2235.621980 0.010000 0.010000 0.010000 0.000000 5778628.871965 -2365910.765786 2235.621980
2022 05 27 11 59 00 5778628.904606 -2365910.745580 2235.612540 0.010000 0.010000 0.010000 0.000000 5778628.874540 -2365910.768730 2235.612540
2022 05 28 11 59 00 5778628.903537 -2365910.742602 2235.618120 0.010000 0.010000 0.010000 0.000000 5778628.873456 -2365910.765765 2235.618120
2022 05 29 11 59 00 5778628.904378 -2365910.737485 2235.616790 0.010000 0.010000 0.010000 0.000000 5778628.874282 -2365910.760660 2235.616790
2022 05 30 11 59 00 5778628.903899 -2365910.739038 2235.606570 0.010000 0.010000 0.010000 0.000000 5778628.873788 -2365910.762224 2235.606570
2022 05 31 11 59 00 5778628.907080 -2365910.744141 2235.600650 0.010000 0.010000 0.010000 0.000000 5778628.876953 -2365910.767339 2235.600650
2022 06 01 11 59 00 5778628.902781 -2365910.739754 2235.610640 0.010000 0.010000 0.010000 0.000000 5778628.872639 -2365910.762963 2235.610640
2022 06 02 11 59 00 5778628.904212 -2365910.743057 2235.615730 0.010000 0.010000 0.010000 0.000000 5778628.874055 -2365910.766278 2235.615730
2022 06 03 11 59 00 5778628.899473 -2365910.741760 2235.612600 0.010000 0.010000 0.010000 0.000000 5778628.869301 -2365910.764993 2235.612600
2022 06 04 11 59 00 5778628.904374 -2365910.740482 2235.609270 0.010000 0.010000 0.010000 0.000000 5778628.874186 -2365910.763727 2235.609270
2022 06 05 11 59 00 5778628.908005 -2365910.742095 2235.609900 0.010000 0.010000 0.010000 0.000000 5778628.877802 -2365910.765352 2235.609900
2022 06 06 11 59 00 5778628.906156 -2365910.741648 2235.615200 0.010000 0.010000 0.010000 0.000000 5778628.875938 -2365910.764916 2235.615200
2022 06 07 11 59 00 5778628.903377 -2365910.739151 2235.614020 0.010000 0.010000 0.010000 0.000000 5778628.873144 -2365910.762431 2235.614020
2022 06 08 11 59 00 5778628.902618 -2365910.740984 2235.622130 0.010000 0.010000 0.010000 0.000000 5778628.872369 -2365910.764275 2235.622130
2022 06 09 11 59 00 NaN NaN NaN 1.509630 0.082500 1.448610 NaN NaN NaN NaN
2022 06 10 11 59 00 5778628.902580 -2365910.736510 2235.608490 0.010000 0.010000 0.010000 0.000000 5778628.872301 -2365910.759825 2235.608490
2022 06 11 11 59 00 5778628.904451 -2365910.740872 2235.612520 0.010000 0.010000 0.010000 0.000000 5778628.874157 -2365910.764199 2235.612520
2022 06 12 11 59 00 5778628.895732 -2365910.736415 2235.626850 0.010000 0.010000 0.010000 0.000000 5778628.865422 -2365910.759754 2235.626850
2022 06 13 11 59 00 5778628.898223 -2365910.742548 2235.612590 0.010000 0.010000 0.010000 0.000000 5778628.867898 -2365910.765898 2235.612590
2022 06 14 11 59 00 5778628.901144 -2365910.744581 2235.622320 0.010000 0.010000 0.010000 0.000000 5778628.870804 -2365910.767943 2235.622320
2022 06 15 11 59 00 5778628.909325 -2365910.735904 2235.600100 0.010000 0.010000 0.010000 0.000000 5778628.878969 -2365910.759278 2235.600100
2022 06 16 11 59 00 5778628.904656 -2365910.746157 2235.614920 0.010000 0.010000 0.010000 0.000000 5778628.874285 -2365910.769542 2235.614920
2022 06 17 11 59 00 5778628.902707 -2365910.745959 2235.628810 0.010000 0.010000 0.010000 0.000000 5778628.872321 -2365910.769357 2235.628810
2022 06 18 11 59 00 5778628.899528 -2365910.745332 2235.609990 0.010000 0.010000 0.010000 0.000000 5778628.869127 -2365910.768741 2235.609990
2022 06 19 11 59 00 5778628.900699 -2365910.746175 2235.611910 0.010000 0.010000 0.010000 0.000000 5778628.870282 -2365910.769596 2235.611910
2022 06 20 11 59 00 5778628.895800 -2365910.741478 2235.607300 0.010000 0.010000 0.010000 0.000000 5778628.865368 -2365910.764911 2235.607300
2022 06 21 11 59 00 5778628.903831 -2365910.746041 2235.628530 0.010000 0.010000 0.010000 0.000000 5778628.873384 -2365910.769485 2235.628530
2022 06 22 11 59 00 5778628.902322 -2365910.746224 2235.629650 0.010000 0.010000 0.010000 0.000000 5778628.871860 -2365910.769680 2235.629650
2022 06 23 11 59 00 5778628.893233 -2365910.739297 2235.628360 0.010000 0.010000 0.010000 0.000000 5778628.862755 -2365910.762764 2235.628360
2022 06 24 11 59 00 5778628.903684 -2365910.746459 2235.623180 0.010000 0.010000 0.010000 0.000000 5778628.873191 -2365910.769939 2235.623180
2022 06 25 11 59 00 5778628.900655 -2365910.740762 2235.620500 0.010000 0.010000 0.010000 0.000000 5778628.870147 -2365910.764254 2235.620500
2022 06 26 11 59 00 5778628.900956 -2365910.744205 2235.620140 0.010000 0.010000 0.010000 0.000000 5778628.870433 -2365910.767708 2235.620140
2022 06 27 11 59 00 5778628.901817 -2365910.745358 2235.618140 0.010000 0.010000 0.010000 0.000000 5778628.871278 -2365910.768873 2235.618140
2022 06 28 11 59 00 5778628.903278 -2365910.747621 2235.625600 0.010000 0.010000 0.010000 0.000000 5778628.872724 -2365910.771147 2235.625600
2022 06 29 11 59 00 5778628.900769 -2365910.743054 2235.617790 0.010000 0.010000 0.010000 0.000000 5778628.870200 -2365910.766592 2235.617790
2022 06 30 11 59 00 5778628.904070 -2365910.745667 2235.625450 0.010000 0.010000 0.010000 0.000000 5778628.873486 -2365910.769217 2235.625450
2022 07 01 11 59 00 5778628.902201 -2365910.747079 2235.627730 0.010000 0.010000 0.010000 0.000000 5778628.871601 -2365910.770641 2235.627730
2022 07 02 11 59 00 5778628.901622 -2365910.743182 2235.621130 0.010000 0.010000 0.010000 0.000000 5778628.871007 -2365910.766756 2235.621130
2022 07 03 11 59 00 5778628.897553 -2365910.737095 2235.604560 0.010000 0.010000 0.010000 0.000000 5778628.866923 -2365910.760680 2235.604560
2022 07 04 11 59 00 5778628.899794 -2365910.743098 2235.614800 0.010000 0.010000 0.010000 0.000000 5778628.869149 -2365910.766695 2235.614800
2022 07 05 11 59 00 5778628.902725 -2365910.744041 2235.627470 0.010000 0.010000 0.010000 0.000000 5778628.872064 -2365910.767650 2235.627470
2022 07 06 11 59 00 5778628.902766 -2365910.747474 2235.625480 0.010000 0.010000 0.010000 0.000000 5778628.872090 -2365910.771094 2235.625480
2022 07 07 11 59 00 5778628.899267 -2365910.738017 2235.615140 0.010000 0.010000 0.010000 0.000000 5778628.868576 -2365910.761649 2235.615140
2022 07 08 11 59 00 5778628.901508 -2365910.742659 2235.620640 0.010000 0.010000 0.010000 0.000000 5778628.870802 -2365910.766303 2235.620640
2022 07 09 11 59 00 5778628.902309 -2365910.743032 2235.624000 0.010000 0.010000 0.010000 0.000000 5778628.871587 -2365910.766688 2235.624000
2022 07 10 11 59 00 5778628.902120 -2365910.744115 2235.625290 0.010000 0.010000 0.010000 0.000000 5778628.871383 -2365910.767782 2235.625290
2022 07 11 11 59 00 5778628.901761 -2365910.741358 2235.612640 0.010000 0.010000 0.010000 0.000000 5778628.871009 -2365910.765037 2235.612640
2022 07 12 11 59 00 5778628.907292 -2365910.743081 2235.619090 0.010000 0.010000 0.010000 0.000000 5778628.876525 -2365910.766772 2235.619090
2022 07 13 11 59 00 5778628.905683 -2365910.741344 2235.625930 0.010000 0.010000 0.010000 0.000000 5778628.874900 -2365910.765046 2235.625930
2022 07 14 11 59 00 5778628.904424 -2365910.738667 2235.615950 0.010000 0.010000 0.010000 0.000000 5778628.873626 -2365910.762381 2235.615950
2022 07 15 11 59 00 5778628.909045 -2365910.737629 2235.612500 0.010000 0.010000 0.010000 0.000000 5778628.878232 -2365910.761355 2235.612500
2022 07 16 11 59 00 5778628.903836 -2365910.741642 2235.614570 0.010000 0.010000 0.010000 0.000000 5778628.873008 -2365910.765380 2235.614570
2022 07 17 11 59 00 5778628.900667 -2365910.740245 2235.615500 0.010000 0.010000 0.010000 0.000000 5778628.869823 -2365910.763995 2235.615500
2022 07 18 11 59 00 5778628.900658 -2365910.741078 2235.613380 0.010000 0.010000 0.010000 0.000000 5778628.869799 -2365910.764839 2235.613380
2022 07 19 11 59 00 5778628.898759 -2365910.740461 2235.619310 0.010000 0.010000 0.010000 0.000000 5778628.867885 -2365910.764234 2235.619310
2022 07 20 11 59 00 5778628.903150 -2365910.742204 2235.609800 0.010000 0.010000 0.010000 0.000000 5778628.872261 -2365910.765988 2235.609800
2022 07 21 11 59 00 5778628.905211 -2365910.738847 2235.618660 0.010000 0.010000 0.010000 0.000000 5778628.874306 -2365910.762643 2235.618660
2022 07 22 11 59 00 5778628.902312 -2365910.740399 2235.614630 0.010000 0.010000 0.010000 0.000000 5778628.871392 -2365910.764208 2235.614630
2022 07 23 11 59 00 5778628.902852 -2365910.736382 2235.619150 0.010000 0.010000 0.010000 0.000000 5778628.871918 -2365910.760202 2235.619150
2022 07 24 11 59 00 5778628.904903 -2365910.740085 2235.620460 0.010000 0.010000 0.010000 0.000000 5778628.873954 -2365910.763917 2235.620460
2022 07 25 11 59 00 5778628.899154 -2365910.743818 2235.632670 0.010000 0.010000 0.010000 0.000000 5778628.868189 -2365910.767661 2235.632670
2022 07 26 11 59 00 5778628.900405 -2365910.741951 2235.623920 0.010000 0.010000 0.010000 0.000000 5778628.869425 -2365910.765806 2235.623920
2022 07 27 11 59 00 5778628.902946 -2365910.742304 2235.626940 0.010000 0.010000 0.010000 0.000000 5778628.871951 -2365910.766171 2235.626940
2022 07 28 11 59 00 5778628.902837 -2365910.744007 2235.629240 0.010000 0.010000 0.010000 0.000000 5778628.871827 -2365910.767885 2235.629240
2022 07 29 11 59 00 5778628.900868 -2365910.743809 2235.624990 0.010000 0.010000 0.010000 0.000000 5778628.869842 -2365910.767700 2235.624990
2022 07 30 11 59 00 5778628.904529 -2365910.742732 2235.624060 0.010000 0.010000 0.010000 0.000000 5778628.873488 -2365910.766634 2235.624060
2022 07 31 11 59 00 5778628.900050 -2365910.744305 2235.631620 0.010000 0.010000 0.010000 0.000000 5778628.868994 -2365910.768219 2235.631620
2022 08 01 11 59 00 5778628.898131 -2365910.741348 2235.631860 0.010000 0.010000 0.010000 0.000000 5778628.867060 -2365910.765274 2235.631860
2022 08 02 11 59 00 5778628.899742 -2365910.743131 2235.630150 0.010000 0.010000 0.010000 0.000000 5778628.868655 -2365910.767068 2235.630150
2022 08 03 11 59 00 5778628.909903 -2365910.744414 2235.626890 0.010000 0.010000 0.010000 0.000000 5778628.878801 -2365910.768363 2235.626890
2022 08 04 11 59 00 5778628.911034 -2365910.745516 2235.624230 0.010000 0.010000 0.010000 0.000000 5778628.879917 -2365910.769477 2235.624230
2022 08 05 11 59 00 5778628.903385 -2365910.747569 2235.624520 0.010000 0.010000 0.010000 0.000000 5778628.872253 -2365910.771542 2235.624520
2022 08 06 11 59 00 5778628.900366 -2365910.748572 2235.614660 0.010000 0.010000 0.010000 0.000000 5778628.869218 -2365910.772557 2235.614660
2022 08 07 11 59 00 5778628.900907 -2365910.748845 2235.618510 0.010000 0.010000 0.010000 0.000000 5778628.869744 -2365910.772841 2235.618510
2022 08 08 11 59 00 5778628.900588 -2365910.748508 2235.622630 0.010000 0.010000 0.010000 0.000000 5778628.869410 -2365910.772516 2235.622630
2022 08 09 11 59 00 5778628.904319 -2365910.747651 2235.627360 0.010000 0.010000 0.010000 0.000000 5778628.873126 -2365910.771670 2235.627360
2022 08 10 11 59 00 5778628.900290 -2365910.748694 2235.620340 0.010000 0.010000 0.010000 0.000000 5778628.869081 -2365910.772725 2235.620340
2022 08 11 11 59 00 5778628.900231 -2365910.745116 2235.619310 0.010000 0.010000 0.010000 0.000000 5778628.869007 -2365910.769159 2235.619310
2022 08 12 11 59 00 5778628.901122 -2365910.748389 2235.616250 0.010000 0.010000 0.010000 0.000000 5778628.869883 -2365910.772444 2235.616250
2022 08 13 11 59 00 5778628.896773 -2365910.747222 2235.619220 0.010000 0.010000 0.010000 0.000000 5778628.865519 -2365910.771289 2235.619220
2022 08 14 11 59 00 5778628.901134 -2365910.746205 2235.621500 0.010000 0.010000 0.010000 0.000000 5778628.869864 -2365910.770283 2235.621500
2022 08 15 11 59 00 5778628.901485 -2365910.745268 2235.622640 0.010000 0.010000 0.010000 0.000000 5778628.870200 -2365910.769358 2235.622640
2022 08 16 11 59 00 5778628.899416 -2365910.748391 2235.625060 0.010000 0.010000 0.010000 0.000000 5778628.868116 -2365910.772492 2235.625060
2022 08 17 11 59 00 5778628.899437 -2365910.746684 2235.618820 0.010000 0.010000 0.010000 0.000000 5778628.868121 -2365910.770797 2235.618820
2022 08 18 11 59 00 5778628.901258 -2365910.749116 2235.620840 0.010000 0.010000 0.010000 0.000000 5778628.869927 -2365910.773242 2235.620840
2022 08 19 11 59 00 5778628.899269 -2365910.750519 2235.618030 0.010000 0.010000 0.010000 0.000000 5778628.867923 -2365910.774656 2235.618030
2022 08 20 11 59 00 5778628.899780 -2365910.749272 2235.620910 0.010000 0.010000 0.010000 0.000000 5778628.868419 -2365910.773421 2235.620910
2022 08 21 11 59 00 5778628.900101 -2365910.749865 2235.616890 0.010000 0.010000 0.010000 0.000000 5778628.868724 -2365910.774025 2235.616890
2022 08 22 11 59 00 5778628.902712 -2365910.747428 2235.618670 0.010000 0.010000 0.010000 0.000000 5778628.871320 -2365910.771600 2235.618670
2022 08 23 11 59 00 5778628.900433 -2365910.749371 2235.618450 0.010000 0.010000 0.010000 0.000000 5778628.869026 -2365910.773555 2235.618450
2022 08 24 11 59 00 5778628.900854 -2365910.749334 2235.617300 0.010000 0.010000 0.010000 0.000000 5778628.869432 -2365910.773529 2235.617300
2022 08 25 11 59 00 5778628.898515 -2365910.739896 2235.616120 0.010000 0.010000 0.010000 0.000000 5778628.867077 -2365910.764104 2235.616120
2022 08 26 11 59 00 5778628.903926 -2365910.745989 2235.603170 0.010000 0.010000 0.010000 0.000000 5778628.872473 -2365910.770208 2235.603170
2022 08 27 11 59 00 5778628.907337 -2365910.743842 2235.608670 0.010000 0.010000 0.010000 0.000000 5778628.875869 -2365910.768073 2235.608670
2022 08 28 11 59 00 5778628.901578 -2365910.743135 2235.613190 0.010000 0.010000 0.010000 0.000000 5778628.870095 -2365910.767378 2235.613190
2022 08 29 11 59 00 5778628.909059 -2365910.747958 2235.621550 0.010000 0.010000 0.010000 0.000000 5778628.877560 -2365910.772212 2235.621550
2022 08 30 11 59 00 5778628.911170 -2365910.748861 2235.621790 0.010000 0.010000 0.010000 0.000000 5778628.879656 -2365910.773127 2235.621790
2022 08 31 11 59 00 5778628.900391 -2365910.749284 2235.618810 0.010000 0.010000 0.010000 0.000000 5778628.868862 -2365910.773561 2235.618810
2022 09 01 11 59 00 5778628.896182 -2365910.749436 2235.619060 0.010000 0.010000 0.010000 0.000000 5778628.864638 -2365910.773726 2235.619060
2022 09 02 11 59 00 5778628.899123 -2365910.746399 2235.621510 0.010000 0.010000 0.010000 0.000000 5778628.867563 -2365910.770701 2235.621510
2022 09 03 11 59 00 5778628.903544 -2365910.741202 2235.620250 0.010000 0.010000 0.010000 0.000000 5778628.871969 -2365910.765515 2235.620250
2022 09 04 11 59 00 5778628.905895 -2365910.746795 2235.611980 0.010000 0.010000 0.010000 0.000000 5778628.874305 -2365910.771120 2235.611980
2022 09 05 11 59 00 5778628.899616 -2365910.747408 2235.622970 0.010000 0.010000 0.010000 0.000000 5778628.868011 -2365910.771744 2235.622970
2022 09 06 11 59 00 5778628.909097 -2365910.745301 2235.633320 0.010000 0.010000 0.010000 0.000000 5778628.877476 -2365910.769649 2235.633320
2022 09 07 11 59 00 5778628.909048 -2365910.750734 2235.629820 0.010000 0.010000 0.010000 0.000000 5778628.877412 -2365910.775094 2235.629820
2022 09 08 11 59 00 5778628.907609 -2365910.746646 2235.633070 0.010000 0.010000 0.010000 0.000000 5778628.875958 -2365910.771018 2235.633070
2022 09 09 11 59 00 5778628.907150 -2365910.748449 2235.629900 0.010000 0.010000 0.010000 0.000000 5778628.875484 -2365910.772833 2235.629900
2022 09 10 11 59 00 5778628.900981 -2365910.750262 2235.628270 0.010000 0.010000 0.010000 0.000000 5778628.869299 -2365910.774657 2235.628270
2022 09 11 11 59 00 5778628.901342 -2365910.749845 2235.631900 0.010000 0.010000 0.010000 0.000000 5778628.869645 -2365910.774252 2235.631900
2022 09 12 11 59 00 5778628.907883 -2365910.747888 2235.631610 0.010000 0.010000 0.010000 0.000000 5778628.876171 -2365910.772307 2235.631610
2022 09 13 11 59 00 5778628.889724 -2365910.755751 2235.654730 0.010000 0.010000 0.010000 0.000000 5778628.857997 -2365910.780181 2235.654730
2022 09 14 11 59 00 5778628.901485 -2365910.749964 2235.624350 0.010000 0.010000 0.010000 0.000000 5778628.869742 -2365910.774406 2235.624350
2022 09 15 11 59 00 5778628.896956 -2365910.748006 2235.616320 0.010000 0.010000 0.010000 0.000000 5778628.865198 -2365910.772460 2235.616320
2022 09 16 11 59 00 5778628.897107 -2365910.747969 2235.629090 0.010000 0.010000 0.010000 0.000000 5778628.865334 -2365910.772435 2235.629090
2022 09 17 11 59 00 5778628.900368 -2365910.746182 2235.613920 0.010000 0.010000 0.010000 0.000000 5778628.868580 -2365910.770659 2235.613920
2022 09 18 11 59 00 5778628.913379 -2365910.743765 2235.627640 0.010000 0.010000 0.010000 0.000000 5778628.881575 -2365910.768254 2235.627640
2022 09 19 11 59 00 5778628.904250 -2365910.734088 2235.619740 0.010000 0.010000 0.010000 0.000000 5778628.872431 -2365910.758589 2235.619740
2022 09 20 11 59 00 5778628.897541 -2365910.738801 2235.622620 0.010000 0.010000 0.010000 0.000000 5778628.865707 -2365910.763313 2235.622620
2022 09 21 11 59 00 5778628.889622 -2365910.733243 2235.612850 0.010000 0.010000 0.010000 0.000000 5778628.857773 -2365910.757768 2235.612850
2022 09 22 11 59 00 5778628.897273 -2365910.733006 2235.609880 0.010000 0.010000 0.010000 0.000000 5778628.865408 -2365910.757542 2235.609880
2022 09 23 11 59 00 5778628.893104 -2365910.731949 2235.602660 0.010000 0.010000 0.010000 0.000000 5778628.861224 -2365910.756497 2235.602660
2022 09 24 11 59 00 5778628.903725 -2365910.747342 2235.605450 0.010000 0.010000 0.010000 0.000000 5778628.871830 -2365910.771902 2235.605450
2022 09 25 11 59 00 5778628.895156 -2365910.745785 2235.620580 0.010000 0.010000 0.010000 0.000000 5778628.863246 -2365910.770356 2235.620580
2022 09 26 11 59 00 5778628.893647 -2365910.743218 2235.620310 0.010000 0.010000 0.010000 0.000000 5778628.861721 -2365910.767801 2235.620310
2022 09 27 11 59 00 5778628.891408 -2365910.740141 2235.617240 0.010000 0.010000 0.010000 0.000000 5778628.859467 -2365910.764735 2235.617240
2022 09 28 11 59 00 5778628.883159 -2365910.741263 2235.634850 0.010000 0.010000 0.010000 0.000000 5778628.851203 -2365910.765870 2235.634850
2022 09 29 11 59 00 5778628.889900 -2365910.743056 2235.627640 0.010000 0.010000 0.010000 0.000000 5778628.857929 -2365910.767675 2235.627640
2022 09 30 11 59 00 5778628.898261 -2365910.739299 2235.622030 0.010000 0.010000 0.010000 0.000000 5778628.866274 -2365910.763929 2235.622030
2022 10 01 11 59 00 5778628.894322 -2365910.739442 2235.622190 0.010000 0.010000 0.010000 0.000000 5778628.862320 -2365910.764084 2235.622190
2022 10 02 11 59 00 5778628.902343 -2365910.738265 2235.625630 0.010000 0.010000 0.010000 0.000000 5778628.870326 -2365910.762918 2235.625630
2022 10 03 11 59 00 5778628.895164 -2365910.738278 2235.619100 0.010000 0.010000 0.010000 0.000000 5778628.863132 -2365910.762943 2235.619100
2022 10 04 11 59 00 5778628.899425 -2365910.735231 2235.618800 0.010000 0.010000 0.010000 0.000000 5778628.867377 -2365910.759908 2235.618800
2022 10 05 11 59 00 5778628.897876 -2365910.740123 2235.615130 0.010000 0.010000 0.010000 0.000000 5778628.865813 -2365910.764812 2235.615130
2022 10 06 11 59 00 5778628.898507 -2365910.738056 2235.617280 0.010000 0.010000 0.010000 0.000000 5778628.866429 -2365910.762757 2235.617280
2022 10 07 11 59 00 5778628.902318 -2365910.738239 2235.617210 0.010000 0.010000 0.010000 0.000000 5778628.870225 -2365910.762951 2235.617210
2022 10 08 11 59 00 5778628.898119 -2365910.739462 2235.609760 0.010000 0.010000 0.010000 0.000000 5778628.866010 -2365910.764186 2235.609760
2022 10 09 11 59 00 5778628.893730 -2365910.740445 2235.617090 0.010000 0.010000 0.010000 0.000000 5778628.861606 -2365910.765181 2235.617090
2022 10 10 11 59 00 5778628.904071 -2365910.735418 2235.627310 0.010000 0.010000 0.010000 0.000000 5778628.871932 -2365910.760165 2235.627310

