################################################################################
# WEBOBS OVPF
#
# PROC: {PROC.CGNSSOVPF} GNSS GAMIT/GLOBK OVPF
# TITLE: {\fontsize{14}{\bfRVLG: "Rivals" - Local} (All data)} {RDCRVL0}
# FILENAME: RDCRVL0_all.txt
# COORD: 365173	7648975
#
# CREATED: 12-Oct-2022 18:35:19 by sysop@pitondescalumets
# COPYRIGHT: MMXXII, (c) OVPF-IPGP
################################################################################
#
#yyyy mm dd HH MM SS Eastern(m) Northern(m) Up(m) dE dN dU Orbit East_treat(m) North_treat(m) Up_treat(m)
2017 01 01 11 59 00 5778695.956719 -2366197.589331 2199.764280 0.010000 0.010000 0.010000 0.000000 5778695.956719 -2366197.589331 2199.764280
2017 01 02 11 59 00 5778695.962370 -2366197.601874 2199.742520 0.010000 0.010000 0.010000 0.000000 5778695.962355 -2366197.601886 2199.742520
2017 01 03 11 59 00 5778695.961431 -2366197.584117 2199.735680 0.010000 0.010000 0.010000 0.000000 5778695.961400 -2366197.584140 2199.735680
2017 01 04 11 59 00 5778695.954092 -2366197.590510 2199.725700 0.010000 0.010000 0.010000 0.000000 5778695.954046 -2366197.590545 2199.725700
2017 01 05 11 59 00 5778695.968243 -2366197.596262 2199.737800 0.010000 0.010000 0.010000 0.000000 5778695.968182 -2366197.596309 2199.737800
2017 01 06 11 59 00 5778695.955834 -2366197.589445 2199.731560 0.010000 0.010000 0.010000 0.000000 5778695.955758 -2366197.589504 2199.731560
2017 01 07 11 59 00 5778695.967705 -2366197.591378 2199.712480 0.010000 0.010000 0.010000 0.000000 5778695.967613 -2366197.591449 2199.712480
2017 01 08 11 59 00 5778695.960786 -2366197.588361 2199.727110 0.010000 0.010000 0.010000 0.000000 5778695.960679 -2366197.588443 2199.727110
2017 01 09 11 59 00 5778695.965617 -2366197.599984 2199.733140 0.010000 0.010000 0.010000 0.000000 5778695.965495 -2366197.600078 2199.733140
2017 01 10 11 59 00 5778695.964098 -2366197.592087 2199.738210 0.010000 0.010000 0.010000 0.000000 5778695.963960 -2366197.592192 2199.738210
2017 01 11 11 59 00 5778695.962379 -2366197.592670 2199.743330 0.010000 0.010000 0.010000 0.000000 5778695.962226 -2366197.592787 2199.743330
2017 01 12 11 59 00 5778695.962480 -2366197.595232 2199.733240 0.010000 0.010000 0.010000 0.000000 5778695.962312 -2366197.595362 2199.733240
2017 01 13 11 59 00 5778695.943481 -2366197.589735 2199.758040 0.010000 0.010000 0.010000 0.000000 5778695.943298 -2366197.589876 2199.758040
2017 01 14 11 59 00 5778695.958402 -2366197.583548 2199.724480 0.010000 0.010000 0.010000 0.000000 5778695.958203 -2366197.583701 2199.724480
2017 01 15 11 59 00 5778695.970133 -2366197.590521 2199.752000 0.010000 0.010000 0.010000 0.000000 5778695.969919 -2366197.590685 2199.752000
2017 01 16 11 59 00 5778695.965704 -2366197.592174 2199.739160 0.010000 0.010000 0.010000 0.000000 5778695.965475 -2366197.592350 2199.739160
2017 01 17 11 59 00 5778695.952875 -2366197.590977 2199.722430 0.010000 0.010000 0.010000 0.000000 5778695.952631 -2366197.591165 2199.722430
2017 01 22 11 59 00 5778695.961330 -2366197.600591 2199.732730 0.010000 0.010000 0.010000 0.000000 5778695.961009 -2366197.600838 2199.732730
2017 01 23 11 59 00 5778695.952781 -2366197.592734 2199.726880 0.010000 0.010000 0.010000 0.000000 5778695.952445 -2366197.592992 2199.726880
2017 01 24 11 59 00 5778695.963792 -2366197.582927 2199.742360 0.010000 0.010000 0.010000 0.000000 5778695.963441 -2366197.583197 2199.742360
2017 01 25 11 59 00 5778695.962243 -2366197.581560 2199.737240 0.010000 0.010000 0.010000 0.000000 5778695.961877 -2366197.581841 2199.737240
2017 01 26 11 59 00 5778695.961334 -2366197.586352 2199.725360 0.010000 0.010000 0.010000 0.000000 5778695.960952 -2366197.586646 2199.725360
2017 01 27 11 59 00 5778695.952995 -2366197.588815 2199.727310 0.010000 0.010000 0.010000 0.000000 5778695.952598 -2366197.589120 2199.727310
2017 01 28 11 59 00 5778695.941066 -2366197.591378 2199.758650 0.010000 0.010000 0.010000 0.000000 5778695.940654 -2366197.591695 2199.758650
2017 01 29 11 59 00 5778695.958627 -2366197.592121 2199.746300 0.010000 0.010000 0.010000 0.000000 5778695.958200 -2366197.592450 2199.746300
2017 01 30 11 59 00 5778695.947388 -2366197.589434 2199.744660 0.010000 0.010000 0.010000 0.000000 5778695.946945 -2366197.589774 2199.744660
2017 01 31 11 59 00 5778695.950389 -2366197.587117 2199.746060 0.010000 0.010000 0.010000 0.000000 5778695.949931 -2366197.587469 2199.746060
2017 02 04 11 59 00 5778695.967273 -2366197.584878 2199.739700 0.010000 0.010000 0.010000 0.000000 5778695.966754 -2366197.585277 2199.739700
2017 02 05 11 59 00 5778695.948674 -2366197.573831 2199.717780 0.010000 0.010000 0.010000 0.000000 5778695.948140 -2366197.574242 2199.717780
2017 02 06 11 59 00 5778695.966815 -2366197.592944 2199.733000 0.010000 0.010000 0.010000 0.000000 5778695.966266 -2366197.593366 2199.733000
2017 02 07 11 59 00 5778695.963205 -2366197.593267 2199.732780 0.010000 0.010000 0.010620 0.000000 5778695.962641 -2366197.593701 2199.732780
2017 02 08 11 59 00 5778695.957366 -2366197.588080 2199.740330 0.010000 0.010000 0.011340 0.000000 5778695.956787 -2366197.588526 2199.740330
2017 02 09 11 59 00 5778695.964967 -2366197.586882 2199.724120 0.010000 0.010000 0.010000 0.000000 5778695.964373 -2366197.587340 2199.724120
2017 02 10 11 59 00 5778695.967938 -2366197.588805 2199.732000 0.010000 0.010000 0.010000 0.000000 5778695.967329 -2366197.589275 2199.732000
2017 02 11 11 59 00 5778695.970879 -2366197.581888 2199.745960 0.010000 0.010000 0.010000 0.000000 5778695.970254 -2366197.582369 2199.745960
2017 02 12 11 59 00 5778695.953860 -2366197.595291 2199.744920 0.010000 0.010000 0.010000 0.000000 5778695.953220 -2366197.595784 2199.744920
2017 02 13 11 59 00 5778695.958281 -2366197.586154 2199.736750 0.010000 0.010000 0.010000 0.000000 5778695.957626 -2366197.586659 2199.736750
2017 02 14 11 59 00 5778695.965172 -2366197.590577 2199.728450 0.010000 0.010000 0.010000 0.000000 5778695.964502 -2366197.591093 2199.728450
2017 02 15 11 59 00 5778695.957823 -2366197.585409 2199.727690 0.010000 0.010000 0.010000 0.000000 5778695.957137 -2366197.585938 2199.727690
2017 02 16 11 59 00 5778695.969144 -2366197.596812 2199.728230 0.010000 0.010000 0.010000 0.000000 5778695.968443 -2366197.597352 2199.728230
2017 02 17 11 59 00 5778695.964465 -2366197.580555 2199.732320 0.010000 0.010000 0.010000 0.000000 5778695.963749 -2366197.581107 2199.732320
2017 02 21 11 59 00 5778695.966939 -2366197.589477 2199.724200 0.010000 0.010000 0.010000 0.000000 5778695.966162 -2366197.590075 2199.724200
2017 02 22 11 59 00 5778695.965190 -2366197.579859 2199.712930 0.010000 0.010000 0.010000 0.000000 5778695.964398 -2366197.580470 2199.712930
2017 02 23 11 59 00 5778695.953481 -2366197.587452 2199.734420 0.010000 0.010000 0.010000 0.000000 5778695.952673 -2366197.588075 2199.734420
2017 02 24 11 59 00 5778695.949352 -2366197.588425 2199.734270 0.010000 0.010000 0.010000 0.000000 5778695.948529 -2366197.589059 2199.734270
2017 02 25 11 59 00 5778695.956853 -2366197.589458 2199.739630 0.010000 0.010000 0.010000 0.000000 5778695.956015 -2366197.590104 2199.739630
2017 02 26 11 59 00 5778695.962044 -2366197.592051 2199.735300 0.010000 0.010000 0.010000 0.000000 5778695.961191 -2366197.592708 2199.735300
2017 02 27 11 59 00 5778695.961615 -2366197.591914 2199.734990 0.010000 0.010000 0.010000 0.000000 5778695.960746 -2366197.592583 2199.734990
2017 02 28 11 59 00 5778695.967576 -2366197.599367 2199.725840 0.010000 0.010000 0.010000 0.000000 5778695.966692 -2366197.600047 2199.725840
2017 03 01 11 59 00 5778695.954217 -2366197.594309 2199.717340 0.010000 0.010000 0.010000 0.000000 5778695.953318 -2366197.595002 2199.717340
2017 03 02 11 59 00 5778695.959068 -2366197.602782 2199.722690 0.010000 0.010000 0.010000 0.000000 5778695.958154 -2366197.603487 2199.722690
2017 03 03 11 59 00 5778695.961859 -2366197.598125 2199.725030 0.010000 0.010000 0.010000 0.000000 5778695.960929 -2366197.598841 2199.725030
2017 03 04 11 59 00 5778695.962580 -2366197.598158 2199.729920 0.010000 0.010000 0.010000 0.000000 5778695.961635 -2366197.598886 2199.729920
2017 03 05 11 59 00 5778695.959471 -2366197.596141 2199.733160 0.010000 0.010000 0.010000 0.000000 5778695.958511 -2366197.596880 2199.733160
2017 03 06 11 59 00 5778695.972192 -2366197.594334 2199.726130 0.010000 0.010000 0.010000 0.000000 5778695.971217 -2366197.595085 2199.726130
2017 03 07 11 59 00 5778695.968523 -2366197.601627 2199.724370 0.010000 0.010000 0.010000 0.000000 5778695.967532 -2366197.602390 2199.724370
2017 03 08 11 59 00 5778695.968924 -2366197.594299 2199.732580 0.010000 0.010000 0.010000 0.000000 5778695.967918 -2366197.595074 2199.732580
2017 03 09 11 59 00 5778695.968845 -2366197.591232 2199.733770 0.010000 0.010000 0.010000 0.000000 5778695.967824 -2366197.592019 2199.733770
2017 03 10 11 59 00 5778695.965976 -2366197.589535 2199.729150 0.010000 0.010000 0.010000 0.000000 5778695.964940 -2366197.590333 2199.729150
2017 03 11 11 59 00 5778695.966737 -2366197.597078 2199.730550 0.010000 0.010000 0.010000 0.000000 5778695.965685 -2366197.597888 2199.730550
2017 03 12 11 59 00 5778695.956028 -2366197.600681 2199.721000 0.010000 0.010000 0.010000 0.000000 5778695.954961 -2366197.601503 2199.721000
2017 03 13 11 59 00 5778695.956869 -2366197.597094 2199.716760 0.010000 0.010000 0.010000 0.000000 5778695.955787 -2366197.597927 2199.716760
2017 03 14 11 59 00 5778695.958950 -2366197.598507 2199.726800 0.010000 0.010000 0.010000 0.000000 5778695.957853 -2366197.599352 2199.726800
2017 03 15 11 59 00 5778695.967931 -2366197.596849 2199.718090 0.010000 0.010000 0.010000 0.000000 5778695.966818 -2366197.597706 2199.718090
2017 03 16 11 59 00 5778695.971652 -2366197.599462 2199.731110 0.010000 0.010000 0.010000 0.000000 5778695.970524 -2366197.600331 2199.731110
2017 03 17 11 59 00 5778695.955803 -2366197.587625 2199.714810 0.010000 0.010000 0.010000 0.000000 5778695.954660 -2366197.588506 2199.714810
2017 03 21 11 59 00 5778695.954607 -2366197.596827 2199.716680 0.010000 0.010000 0.010000 0.000000 5778695.953403 -2366197.597754 2199.716680
2017 03 22 11 59 00 5778695.953588 -2366197.600619 2199.720220 0.010000 0.010000 0.010000 0.000000 5778695.952368 -2366197.601559 2199.720220
2017 03 23 11 59 00 5778695.960719 -2366197.587802 2199.716050 0.010000 0.010000 0.010000 0.000000 5778695.959484 -2366197.588753 2199.716050
2017 03 24 11 59 00 5778695.966520 -2366197.591035 2199.725990 0.010000 0.010000 0.010000 0.000000 5778695.965270 -2366197.591998 2199.725990
2017 03 25 11 59 00 5778695.959201 -2366197.588828 2199.726870 0.010000 0.010000 0.010000 0.000000 5778695.957936 -2366197.589802 2199.726870
2017 03 26 11 59 00 5778695.966702 -2366197.589931 2199.750330 0.010000 0.010000 0.010000 0.000000 5778695.965421 -2366197.590917 2199.750330
2017 03 27 11 59 00 5778695.962193 -2366197.592024 2199.745110 0.010000 0.010000 0.010000 0.000000 5778695.960897 -2366197.593022 2199.745110
2017 03 28 11 59 00 5778695.962754 -2366197.583947 2199.735110 0.010000 0.010000 0.010000 0.000000 5778695.961443 -2366197.584956 2199.735110
2017 03 29 11 59 00 5778695.960125 -2366197.589129 2199.729670 0.010000 0.010000 0.010000 0.000000 5778695.958799 -2366197.590151 2199.729670
2017 03 30 11 59 00 5778695.961296 -2366197.585102 2199.727240 0.010000 0.010000 0.010000 0.000000 5778695.959954 -2366197.586135 2199.727240
2017 03 31 11 59 00 5778695.957147 -2366197.581165 2199.741000 0.010000 0.010000 0.010000 0.000000 5778695.955790 -2366197.582210 2199.741000
2017 04 01 11 59 00 5778695.965808 -2366197.583778 2199.728940 0.010000 0.010000 0.010000 0.000000 5778695.964436 -2366197.584835 2199.728940
2017 04 02 11 59 00 5778695.960319 -2366197.590151 2199.736560 0.010000 0.010000 0.010000 0.000000 5778695.958932 -2366197.591219 2199.736560
2017 04 03 11 59 00 5778695.966080 -2366197.588764 2199.745000 0.010000 0.010000 0.010000 0.000000 5778695.964677 -2366197.589844 2199.745000
2017 04 04 11 59 00 5778695.952691 -2366197.590416 2199.728570 0.010000 0.010000 0.010000 0.000000 5778695.951273 -2366197.591508 2199.728570
2017 04 05 11 59 00 5778695.955322 -2366197.593569 2199.729820 0.010000 0.010000 0.010000 0.000000 5778695.953889 -2366197.594673 2199.729820
2017 04 06 11 59 00 5778695.967863 -2366197.593312 2199.742640 0.010000 0.010000 0.010000 0.000000 5778695.966415 -2366197.594427 2199.742640
2017 04 07 11 59 00 5778695.967104 -2366197.589685 2199.722840 0.010000 0.010000 0.010000 0.000000 5778695.965640 -2366197.590812 2199.722840
2017 04 08 11 59 00 5778695.954275 -2366197.591048 2199.741210 0.010000 0.010000 0.010000 0.000000 5778695.952796 -2366197.592187 2199.741210
2017 04 09 11 59 00 5778695.944496 -2366197.586331 2199.760040 0.010000 0.010000 0.010000 0.000000 5778695.943002 -2366197.587481 2199.760040
2017 04 10 11 59 00 5778695.962597 -2366197.592384 2199.741390 0.010000 0.010000 0.010000 0.000000 5778695.961088 -2366197.593546 2199.741390
2017 04 11 11 59 00 5778695.968238 -2366197.599126 2199.736130 0.010000 0.010000 0.010000 0.000000 5778695.966713 -2366197.600300 2199.736130
2017 04 12 11 59 00 5778695.961359 -2366197.591189 2199.734400 0.010000 0.010000 0.010000 0.000000 5778695.959819 -2366197.592375 2199.734400
2017 04 13 11 59 00 5778695.954030 -2366197.590592 2199.723370 0.010000 0.010000 0.010000 0.000000 5778695.952475 -2366197.591790 2199.723370
2017 04 14 11 59 00 5778695.962261 -2366197.591505 2199.736650 0.010000 0.010000 0.010000 0.000000 5778695.960691 -2366197.592714 2199.736650
2017 04 15 11 59 00 5778695.966962 -2366197.593458 2199.730700 0.010000 0.010000 0.010000 0.000000 5778695.965376 -2366197.594679 2199.730700
2017 04 16 11 59 00 5778695.965373 -2366197.593711 2199.735420 0.010000 0.010000 0.010000 0.000000 5778695.963772 -2366197.594943 2199.735420
2017 04 17 11 59 00 5778695.965634 -2366197.593734 2199.739850 0.010000 0.010000 0.010000 0.000000 5778695.964018 -2366197.594978 2199.739850
2017 04 21 11 59 00 5778695.945948 -2366197.592525 2199.736370 0.010000 0.010000 0.010000 0.000000 5778695.944271 -2366197.593816 2199.736370
2017 04 22 11 59 00 5778695.961859 -2366197.592958 2199.735990 0.010000 0.010000 0.010000 0.000000 5778695.960167 -2366197.594261 2199.735990
2017 04 23 11 59 00 5778695.958560 -2366197.598461 2199.732710 0.010000 0.010000 0.010000 0.000000 5778695.956852 -2366197.599776 2199.732710
2017 04 24 11 59 00 5778695.963451 -2366197.598984 2199.726860 0.010000 0.010000 0.010000 0.000000 5778695.961728 -2366197.600310 2199.726860
2017 04 25 11 59 00 5778695.963042 -2366197.598786 2199.733010 0.010000 0.010000 0.010000 0.000000 5778695.961304 -2366197.600125 2199.733010
2017 04 26 11 59 00 5778695.960253 -2366197.593239 2199.727370 0.010000 0.010000 0.010000 0.000000 5778695.958500 -2366197.594589 2199.727370
2017 04 27 11 59 00 5778695.963594 -2366197.590992 2199.736510 0.010000 0.010000 0.010000 0.000000 5778695.961825 -2366197.592354 2199.736510
2017 04 28 11 59 00 5778695.969865 -2366197.591185 2199.728750 0.010000 0.010000 0.010000 0.000000 5778695.968081 -2366197.592559 2199.728750
2017 04 29 11 59 00 5778695.963816 -2366197.597678 2199.728090 0.010000 0.010000 0.010000 0.000000 5778695.962017 -2366197.599063 2199.728090
2017 04 30 11 59 00 5778695.956727 -2366197.598471 2199.739320 0.010000 0.010000 0.010000 0.000000 5778695.954913 -2366197.599868 2199.739320
2017 05 01 11 59 00 5778695.962738 -2366197.599074 2199.724950 0.010000 0.010000 0.010000 0.000000 5778695.960908 -2366197.600482 2199.724950
2017 05 02 11 59 00 5778695.965659 -2366197.597906 2199.751480 0.010000 0.010000 0.010130 0.000000 5778695.963814 -2366197.599327 2199.751480
2017 05 03 11 59 00 5778695.961860 -2366197.601439 2199.726880 0.010000 0.010000 0.010000 0.000000 5778695.960000 -2366197.602872 2199.726880
2017 05 04 11 59 00 5778695.960111 -2366197.597612 2199.739110 0.010000 0.010000 0.010000 0.000000 5778695.958236 -2366197.599056 2199.739110
2017 05 05 11 59 00 5778695.963592 -2366197.601845 2199.746890 0.010000 0.010000 0.010000 0.000000 5778695.961701 -2366197.603301 2199.746890
2017 05 06 11 59 00 5778695.964893 -2366197.600518 2199.715980 0.010000 0.010000 0.010000 0.000000 5778695.962987 -2366197.601985 2199.715980
2017 05 07 11 59 00 5778695.956004 -2366197.597321 2199.718550 0.010000 0.010000 0.010000 0.000000 5778695.954083 -2366197.598800 2199.718550
2017 05 08 11 59 00 5778695.963425 -2366197.605514 2199.723200 0.010000 0.010000 0.010000 0.000000 5778695.961489 -2366197.607004 2199.723200
2017 05 09 11 59 00 5778695.968286 -2366197.599626 2199.724020 0.010000 0.010000 0.010000 0.000000 5778695.966334 -2366197.601129 2199.724020
2017 05 10 11 59 00 5778695.967227 -2366197.601739 2199.718310 0.010000 0.010000 0.010000 0.000000 5778695.965260 -2366197.603254 2199.718310
2017 05 11 11 59 00 5778695.965308 -2366197.598682 2199.718830 0.010000 0.010000 0.010000 0.000000 5778695.963326 -2366197.600208 2199.718830
2017 05 12 11 59 00 5778695.970469 -2366197.601785 2199.724190 0.010000 0.010000 0.010000 0.000000 5778695.968472 -2366197.603323 2199.724190
2017 05 13 11 59 00 5778695.970000 -2366197.596138 2199.722630 0.010000 0.010000 0.010000 0.000000 5778695.967987 -2366197.597687 2199.722630
2017 05 14 11 59 00 5778695.973301 -2366197.600211 2199.727780 0.010000 0.010000 0.010000 0.000000 5778695.971273 -2366197.601772 2199.727780
2017 05 15 11 59 00 5778695.970372 -2366197.599984 2199.724630 0.010000 0.010000 0.010000 0.000000 5778695.968329 -2366197.601557 2199.724630
2017 05 16 11 59 00 5778695.970673 -2366197.600476 2199.730730 0.010000 0.010000 0.010000 0.000000 5778695.968615 -2366197.602061 2199.730730
2017 05 17 11 59 00 5778695.971234 -2366197.594359 2199.722990 0.010000 0.010000 0.010000 0.000000 5778695.969160 -2366197.595956 2199.722990
2017 05 21 11 59 00 5778695.977258 -2366197.590011 2199.720190 0.010000 0.010000 0.010000 0.000000 5778695.975123 -2366197.591654 2199.720190
2017 05 22 11 59 00 5778695.973129 -2366197.591123 2199.714040 0.010000 0.010000 0.010000 0.000000 5778695.970979 -2366197.592779 2199.714040
2017 05 23 11 59 00 5778695.976540 -2366197.592866 2199.721320 0.010000 0.010000 0.010000 0.000000 5778695.974375 -2366197.594533 2199.721320
2017 05 24 11 59 00 5778695.974081 -2366197.594479 2199.718210 0.010000 0.010000 0.010000 0.000000 5778695.971900 -2366197.596158 2199.718210
2017 05 25 11 59 00 5778695.973942 -2366197.597992 2199.721350 0.010000 0.010000 0.010000 0.000000 5778695.971746 -2366197.599683 2199.721350
2017 05 26 11 59 00 5778695.974923 -2366197.594875 2199.713150 0.010000 0.010000 0.010000 0.000000 5778695.972712 -2366197.596577 2199.713150
2017 05 27 11 59 00 5778695.967044 -2366197.594268 2199.715670 0.010000 0.010000 0.010000 0.000000 5778695.964818 -2366197.595982 2199.715670
2017 05 28 11 59 00 5778695.975205 -2366197.586821 2199.701750 0.010000 0.010000 0.010000 0.000000 5778695.972963 -2366197.588546 2199.701750
2017 05 29 11 59 00 5778695.971946 -2366197.595973 2199.716910 0.010000 0.010000 0.010000 0.000000 5778695.969689 -2366197.597711 2199.716910
2017 05 30 11 59 00 5778695.967227 -2366197.586486 2199.714150 0.010000 0.010000 0.010000 0.000000 5778695.964955 -2366197.588236 2199.714150
2017 05 31 11 59 00 5778695.968848 -2366197.594189 2199.719640 0.010000 0.010000 0.010000 0.000000 5778695.966561 -2366197.595950 2199.719640
2017 06 01 11 59 00 5778695.968009 -2366197.592002 2199.722620 0.010000 0.010000 0.010000 0.000000 5778695.965706 -2366197.593775 2199.722620
2017 06 02 11 59 00 5778695.967680 -2366197.594525 2199.723640 0.010000 0.010000 0.010000 0.000000 5778695.965362 -2366197.596309 2199.723640
2017 06 03 11 59 00 5778695.963981 -2366197.599518 2199.731830 0.010000 0.010000 0.010000 0.000000 5778695.961648 -2366197.601314 2199.731830
2017 06 04 11 59 00 5778695.962662 -2366197.592551 2199.722170 0.010000 0.010000 0.010000 0.000000 5778695.960314 -2366197.594359 2199.722170
2017 06 05 11 59 00 5778695.965173 -2366197.587763 2199.728710 0.010000 0.010000 0.010000 0.000000 5778695.962809 -2366197.589583 2199.728710
2017 06 06 11 59 00 5778695.958404 -2366197.586256 2199.714530 0.010000 0.010000 0.010000 0.000000 5778695.956025 -2366197.588088 2199.714530
2017 06 07 11 59 00 5778695.958815 -2366197.587929 2199.726320 0.010000 0.010000 0.010000 0.000000 5778695.956421 -2366197.589772 2199.726320
2017 06 08 11 59 00 5778695.960876 -2366197.591622 2199.711410 0.010000 0.010000 0.010000 0.000000 5778695.958467 -2366197.593477 2199.711410
2017 06 09 11 59 00 5778695.956007 -2366197.601265 2199.734230 0.010000 0.010000 0.010100 0.000000 5778695.953582 -2366197.603131 2199.734230
2017 06 10 11 59 00 5778695.943648 -2366197.598448 2199.740830 0.010000 0.010000 0.010000 0.000000 5778695.941208 -2366197.600326 2199.740830
2017 06 11 11 59 00 5778695.967219 -2366197.594891 2199.720670 0.010000 0.010000 0.010000 0.000000 5778695.964764 -2366197.596781 2199.720670
2017 06 12 11 59 00 5778695.960560 -2366197.595603 2199.723490 0.010000 0.010000 0.010000 0.000000 5778695.958090 -2366197.597505 2199.723490
2017 06 13 11 59 00 5778695.959971 -2366197.597476 2199.712000 0.010000 0.010000 0.010000 0.000000 5778695.957485 -2366197.599390 2199.712000
2017 06 14 11 59 00 5778695.962342 -2366197.595959 2199.724120 0.010000 0.010000 0.010000 0.000000 5778695.959841 -2366197.597884 2199.724120
2017 06 15 11 59 00 5778695.962333 -2366197.598552 2199.730420 0.010000 0.010000 0.010000 0.000000 5778695.959817 -2366197.600489 2199.730420
2017 06 16 11 59 00 5778695.957464 -2366197.599505 2199.734780 0.010000 0.010000 0.010000 0.000000 5778695.954933 -2366197.601454 2199.734780
2017 06 17 11 59 00 5778695.960555 -2366197.598558 2199.733410 0.010000 0.010000 0.010000 0.000000 5778695.958008 -2366197.600518 2199.733410
2017 06 21 11 59 00 5778695.961088 -2366197.592629 2199.729120 0.010000 0.010000 0.010000 0.000000 5778695.958481 -2366197.594637 2199.729120
2017 06 22 11 59 00 5778695.963619 -2366197.594422 2199.730680 0.010000 0.010000 0.010000 0.000000 5778695.960997 -2366197.596441 2199.730680
2017 06 23 11 59 00 5778695.958020 -2366197.593935 2199.725060 0.010000 0.010000 0.010000 0.000000 5778695.955383 -2366197.595966 2199.725060
2017 06 24 11 59 00 5778695.961311 -2366197.594438 2199.725240 0.010000 0.010000 0.010000 0.000000 5778695.958659 -2366197.596480 2199.725240
2017 06 25 11 59 00 5778695.960482 -2366197.597161 2199.734380 0.010000 0.010000 0.010000 0.000000 5778695.957814 -2366197.599215 2199.734380
2017 06 26 11 59 00 5778695.958613 -2366197.594163 2199.723500 0.010000 0.010000 0.010000 0.000000 5778695.955930 -2366197.596230 2199.723500
2017 06 27 11 59 00 5778695.962074 -2366197.601856 2199.723910 0.010000 0.010000 0.010000 0.000000 5778695.959376 -2366197.603934 2199.723910
2017 06 28 11 59 00 5778695.959745 -2366197.597779 2199.729830 0.010000 0.010000 0.010000 0.000000 5778695.957032 -2366197.599869 2199.729830
2017 06 29 11 59 00 5778695.961456 -2366197.596082 2199.729140 0.010000 0.010000 0.010000 0.000000 5778695.958727 -2366197.598183 2199.729140
2017 06 30 11 59 00 5778695.961697 -2366197.595795 2199.721530 0.010000 0.010000 0.010000 0.000000 5778695.958953 -2366197.597908 2199.721530
2017 07 01 11 59 00 5778695.964638 -2366197.599278 2199.726820 0.010000 0.010000 0.010000 0.000000 5778695.961879 -2366197.601403 2199.726820
2017 07 02 11 59 00 5778695.961399 -2366197.596801 2199.732080 0.010000 0.010000 0.010000 0.000000 5778695.958625 -2366197.598937 2199.732080
2017 07 03 11 59 00 5778695.959120 -2366197.597223 2199.737840 0.010000 0.010000 0.010150 0.000000 5778695.956330 -2366197.599372 2199.737840
2017 07 04 11 59 00 5778695.965341 -2366197.603346 2199.732030 0.010000 0.010000 0.010000 0.000000 5778695.962536 -2366197.605506 2199.732030
2017 07 05 11 59 00 5778695.960882 -2366197.600329 2199.731580 0.010000 0.010000 0.010000 0.000000 5778695.958062 -2366197.602501 2199.731580
2017 07 06 11 59 00 5778695.963583 -2366197.598272 2199.729740 0.010000 0.010000 0.010000 0.000000 5778695.960748 -2366197.600456 2199.729740
2017 07 06 11 59 00 5778695.963583 -2366197.598272 2199.729740 0.010000 0.010000 0.010000 0.000000 5778695.960748 -2366197.600456 2199.729740
2017 07 07 11 59 00 5778695.961464 -2366197.594995 2199.723300 0.010000 0.010000 0.010000 0.000000 5778695.958613 -2366197.597190 2199.723300
2017 07 08 11 59 00 5778695.970495 -2366197.603018 2199.738270 0.010000 0.010000 0.010000 0.000000 5778695.967629 -2366197.605225 2199.738270
2017 07 09 11 59 00 5778695.967576 -2366197.599440 2199.730720 0.010000 0.010000 0.010000 0.000000 5778695.964695 -2366197.601659 2199.730720
2017 07 10 11 59 00 5778695.965127 -2366197.601523 2199.734610 0.010000 0.010000 0.010000 0.000000 5778695.962231 -2366197.603754 2199.734610
2017 07 11 11 59 00 5778695.965168 -2366197.599426 2199.727760 0.010000 0.010000 0.010000 0.000000 5778695.962256 -2366197.601668 2199.727760
2017 07 12 11 59 00 5778695.958909 -2366197.601259 2199.730230 0.010000 0.010000 0.010000 0.000000 5778695.955982 -2366197.603513 2199.730230
2017 07 13 11 59 00 5778695.950940 -2366197.597882 2199.728310 0.010000 0.010000 0.010000 0.000000 5778695.947998 -2366197.600148 2199.728310
2017 07 14 11 59 00 5778695.963751 -2366197.586595 2199.728140 0.010000 0.010000 0.010000 0.000000 5778695.960794 -2366197.588872 2199.728140
2017 07 15 11 59 00 5778695.961712 -2366197.580498 2199.719560 0.010000 0.010000 0.010000 0.000000 5778695.958739 -2366197.582787 2199.719560
2017 07 16 11 59 00 5778695.964433 -2366197.592220 2199.717830 0.010000 0.010000 0.010000 0.000000 5778695.961445 -2366197.594521 2199.717830
2017 07 17 11 59 00 5778695.965634 -2366197.588083 2199.722430 0.010000 0.010000 0.010000 0.000000 5778695.962631 -2366197.590396 2199.722430
2017 07 21 11 59 00 5778695.965558 -2366197.590575 2199.720620 0.010000 0.010000 0.010000 0.000000 5778695.962494 -2366197.592934 2199.720620
2017 07 22 11 59 00 5778695.968769 -2366197.589328 2199.721220 0.010000 0.010000 0.010000 0.000000 5778695.965690 -2366197.591699 2199.721220
2017 07 23 11 59 00 5778695.971870 -2366197.594280 2199.724670 0.010000 0.010000 0.010000 0.000000 5778695.968775 -2366197.596664 2199.724670
2017 07 24 11 59 00 5778695.969441 -2366197.582903 2199.727180 0.010000 0.010000 0.010000 0.000000 5778695.966331 -2366197.585298 2199.727180
2017 07 25 11 59 00 5778695.964122 -2366197.586226 2199.725560 0.010000 0.010000 0.010000 0.000000 5778695.960997 -2366197.588633 2199.725560
2017 07 26 11 59 00 5778695.967143 -2366197.580639 2199.722360 0.010000 0.010000 0.010000 0.000000 5778695.964002 -2366197.583057 2199.722360
2017 07 27 11 59 00 5778695.965534 -2366197.579912 2199.733200 0.010000 0.010000 0.010000 0.000000 5778695.962378 -2366197.582342 2199.733200
2017 07 28 11 59 00 5778695.973865 -2366197.584445 2199.729480 0.010000 0.010000 0.010000 0.000000 5778695.970694 -2366197.586887 2199.729480
2017 07 29 11 59 00 5778695.971616 -2366197.592628 2199.720540 0.010000 0.010000 0.010000 0.000000 5778695.968430 -2366197.595081 2199.720540
2017 07 30 11 59 00 5778695.975597 -2366197.579310 2199.723100 0.010000 0.010000 0.010000 0.000000 5778695.972395 -2366197.581776 2199.723100
2017 07 31 11 59 00 5778695.972128 -2366197.588083 2199.711120 0.010000 0.010000 0.010000 0.000000 5778695.968911 -2366197.590560 2199.711120
2017 08 01 11 59 00 5778695.967599 -2366197.593056 2199.725830 0.010000 0.010000 0.010000 0.000000 5778695.964367 -2366197.595545 2199.725830
2017 08 02 11 59 00 5778695.963130 -2366197.588129 2199.721750 0.010000 0.010000 0.010000 0.000000 5778695.959883 -2366197.590630 2199.721750
2017 08 03 11 59 00 5778695.968211 -2366197.583702 2199.721910 0.010000 0.010000 0.010000 0.000000 5778695.964948 -2366197.586214 2199.721910
2017 08 04 11 59 00 5778695.967332 -2366197.589005 2199.733250 0.010000 0.010000 0.010000 0.000000 5778695.964054 -2366197.591529 2199.733250
2017 08 05 11 59 00 5778695.971493 -2366197.586578 2199.724590 0.010000 0.010000 0.010000 0.000000 5778695.968200 -2366197.589113 2199.724590
2017 08 06 11 59 00 5778695.968844 -2366197.588710 2199.723310 0.010000 0.010000 0.010000 0.000000 5778695.965536 -2366197.591258 2199.723310
2017 08 07 11 59 00 5778695.967465 -2366197.583323 2199.727980 0.010000 0.010000 0.010000 0.000000 5778695.964141 -2366197.585883 2199.727980
2017 08 08 11 59 00 5778695.968776 -2366197.590946 2199.725530 0.010000 0.010000 0.010000 0.000000 5778695.965437 -2366197.593517 2199.725530
2017 08 09 11 59 00 5778695.967917 -2366197.592359 2199.728570 0.010000 0.010000 0.010000 0.000000 5778695.964563 -2366197.594942 2199.728570
2017 08 10 11 59 00 5778695.963568 -2366197.587882 2199.721490 0.010000 0.010000 0.010000 0.000000 5778695.960199 -2366197.590476 2199.721490
2017 08 11 11 59 00 5778695.965919 -2366197.588825 2199.719460 0.010000 0.010000 0.010000 0.000000 5778695.962534 -2366197.591431 2199.719460
2017 08 12 11 59 00 5778695.968870 -2366197.590628 2199.723090 0.010000 0.010000 0.010000 0.000000 5778695.965470 -2366197.593245 2199.723090
2017 08 13 11 59 00 5778695.966771 -2366197.583930 2199.726680 0.010000 0.010000 0.010000 0.000000 5778695.963356 -2366197.586560 2199.726680
2017 08 14 11 59 00 5778695.967752 -2366197.581633 2199.729110 0.010000 0.010000 0.010000 0.000000 5778695.964322 -2366197.584275 2199.729110
2017 08 15 11 59 00 5778695.966933 -2366197.585746 2199.723100 0.010000 0.010000 0.010000 0.000000 5778695.963487 -2366197.588399 2199.723100
2017 08 16 11 59 00 5778695.975334 -2366197.582479 2199.721660 0.010000 0.010000 0.010000 0.000000 5778695.971873 -2366197.585144 2199.721660
2017 08 17 11 59 00 5778695.967785 -2366197.584222 2199.726040 0.010000 0.010000 0.010000 0.000000 5778695.964309 -2366197.586898 2199.726040
2017 08 21 11 59 00 5778695.972719 -2366197.596123 2199.721030 0.010000 0.010000 0.010000 0.000000 5778695.969182 -2366197.598847 2199.721030
2017 08 22 11 59 00 5778695.969230 -2366197.591266 2199.723620 0.010000 0.010000 0.010000 0.000000 5778695.965678 -2366197.594001 2199.723620
2017 08 23 11 59 00 5778695.964451 -2366197.593329 2199.730830 0.010000 0.010000 0.010000 0.000000 5778695.960883 -2366197.596076 2199.730830
2017 08 24 11 59 00 5778695.968982 -2366197.590552 2199.726910 0.010000 0.010000 0.010000 0.000000 5778695.965399 -2366197.593311 2199.726910
2017 08 25 11 59 00 5778695.973203 -2366197.590165 2199.719730 0.010000 0.010000 0.010000 0.000000 5778695.969605 -2366197.592935 2199.719730
2017 08 26 11 59 00 5778695.967554 -2366197.591937 2199.718270 0.010000 0.010000 0.010000 0.000000 5778695.963941 -2366197.594720 2199.718270
2017 08 27 11 59 00 5778695.968475 -2366197.588930 2199.709490 0.010000 0.010000 0.010000 0.000000 5778695.964846 -2366197.591724 2199.709490
2017 08 28 11 59 00 5778695.968066 -2366197.594083 2199.719210 0.010000 0.010000 0.010000 0.000000 5778695.964422 -2366197.596889 2199.719210
2017 08 29 11 59 00 5778695.965567 -2366197.595246 2199.725360 0.010000 0.010000 0.010000 0.000000 5778695.961908 -2366197.598064 2199.725360
2017 08 30 11 59 00 5778695.966818 -2366197.596389 2199.719720 0.010000 0.010000 0.010000 0.000000 5778695.963144 -2366197.599218 2199.719720
2017 08 31 11 59 00 5778695.967169 -2366197.594962 2199.719860 0.010000 0.010000 0.010000 0.000000 5778695.963479 -2366197.597803 2199.719860
2017 09 01 11 59 00 5778695.970250 -2366197.592845 2199.723210 0.010000 0.010000 0.010000 0.000000 5778695.966545 -2366197.595697 2199.723210
2017 09 02 11 59 00 5778695.972291 -2366197.593057 2199.720090 0.010000 0.010000 0.010000 0.000000 5778695.968571 -2366197.595922 2199.720090
2017 09 03 11 59 00 5778695.969172 -2366197.596190 2199.718970 0.010000 0.010000 0.010000 0.000000 5778695.965437 -2366197.599067 2199.718970
2017 09 04 11 59 00 5778695.968443 -2366197.598473 2199.731000 0.010000 0.010000 0.010000 0.000000 5778695.964692 -2366197.601361 2199.731000
2017 09 05 11 59 00 5778695.966024 -2366197.590576 2199.722620 0.010000 0.010000 0.010610 0.000000 5778695.962258 -2366197.593476 2199.722620
2017 09 06 11 59 00 5778695.965765 -2366197.592469 2199.725780 0.010000 0.010000 0.010000 0.000000 5778695.961984 -2366197.595380 2199.725780
2017 09 07 11 59 00 5778695.966426 -2366197.590012 2199.724610 0.010000 0.010000 0.010000 0.000000 5778695.962630 -2366197.592935 2199.724610
2017 09 08 11 59 00 5778695.964757 -2366197.592075 2199.716270 0.010000 0.010000 0.010000 0.000000 5778695.960945 -2366197.595010 2199.716270
2017 09 09 11 59 00 5778695.965978 -2366197.594067 2199.722120 0.010000 0.010000 0.010000 0.000000 5778695.962151 -2366197.597014 2199.722120
2017 09 10 11 59 00 5778695.965769 -2366197.592660 2199.721290 0.010000 0.010000 0.010000 0.000000 5778695.961927 -2366197.595619 2199.721290
2017 09 11 11 59 00 5778695.970950 -2366197.593193 2199.719700 0.010000 0.010000 0.010000 0.000000 5778695.967093 -2366197.596163 2199.719700
2017 09 12 11 59 00 5778695.966521 -2366197.594446 2199.721880 0.010000 0.010000 0.010000 0.000000 5778695.962648 -2366197.597428 2199.721880
2017 09 15 11 59 00 5778695.962024 -2366197.595235 2199.720260 0.010000 0.010000 0.010000 0.000000 5778695.958106 -2366197.598252 2199.720260
2017 09 16 11 59 00 5778695.974145 -2366197.598397 2199.714790 0.010000 0.010000 0.010000 0.000000 5778695.970211 -2366197.601426 2199.714790
2017 09 17 11 59 00 5778695.963506 -2366197.593690 2199.723410 0.010000 0.010000 0.010000 0.000000 5778695.959557 -2366197.596731 2199.723410
2017 09 21 11 59 00 5778695.969860 -2366197.597232 2199.721450 0.010000 0.010000 0.010000 0.000000 5778695.965850 -2366197.600319 2199.721450
2017 09 22 11 59 00 5778695.965731 -2366197.591545 2199.723250 0.010000 0.010000 0.010000 0.000000 5778695.961706 -2366197.594644 2199.723250
2017 09 23 11 59 00 5778695.974852 -2366197.600437 2199.728640 0.010000 0.010000 0.010000 0.000000 5778695.970812 -2366197.603548 2199.728640
2017 09 24 11 59 00 5778695.968503 -2366197.594510 2199.729650 0.010000 0.010000 0.010000 0.000000 5778695.964447 -2366197.597633 2199.729650
2017 09 25 11 59 00 5778695.972574 -2366197.599583 2199.724980 0.010000 0.010000 0.010000 0.000000 5778695.968503 -2366197.602718 2199.724980
2017 09 26 11 59 00 5778695.972965 -2366197.600176 2199.729580 0.010000 0.010000 0.010000 0.000000 5778695.968879 -2366197.603322 2199.729580
2017 09 27 11 59 00 5778695.976046 -2366197.598519 2199.726120 0.010000 0.010000 0.010000 0.000000 5778695.971945 -2366197.601677 2199.726120
2017 09 28 11 59 00 5778695.966777 -2366197.593782 2199.727790 0.010000 0.010000 0.010000 0.000000 5778695.962660 -2366197.596951 2199.727790
2017 09 29 11 59 00 5778695.964778 -2366197.589075 2199.736770 0.010000 0.010000 0.010000 0.000000 5778695.960646 -2366197.592256 2199.736770
2017 09 30 11 59 00 5778695.966859 -2366197.590517 2199.730000 0.010000 0.010000 0.010000 0.000000 5778695.962712 -2366197.593711 2199.730000
2017 10 01 11 59 00 5778695.965540 -2366197.595130 2199.727830 0.010000 0.010000 0.010000 0.000000 5778695.961377 -2366197.598335 2199.727830
2017 10 02 11 59 00 5778695.969921 -2366197.593473 2199.723770 0.010000 0.010000 0.010000 0.000000 5778695.965743 -2366197.596690 2199.723770
2017 10 03 11 59 00 5778695.968482 -2366197.593456 2199.725650 0.010000 0.010000 0.010000 0.000000 5778695.964289 -2366197.596684 2199.725650
2017 10 04 11 59 00 5778695.970263 -2366197.595389 2199.726130 0.010000 0.010000 0.010000 0.000000 5778695.966055 -2366197.598629 2199.726130
2017 10 05 11 59 00 5778695.965894 -2366197.593582 2199.728170 0.010000 0.010000 0.010000 0.000000 5778695.961670 -2366197.596834 2199.728170
2017 10 06 11 59 00 5778695.970385 -2366197.592535 2199.721450 0.010000 0.010000 0.010000 0.000000 5778695.966146 -2366197.595798 2199.721450
2017 10 07 11 59 00 5778695.963436 -2366197.590757 2199.722990 0.010000 0.010000 0.010000 0.000000 5778695.959182 -2366197.594033 2199.722990
2017 10 08 11 59 00 5778695.968397 -2366197.590130 2199.731330 0.010000 0.010000 0.010000 0.000000 5778695.964128 -2366197.593417 2199.731330
2017 10 09 11 59 00 5778695.968448 -2366197.589423 2199.730920 0.010000 0.010000 0.010000 0.000000 5778695.964163 -2366197.592722 2199.730920
2017 10 10 11 59 00 5778695.967989 -2366197.589636 2199.725020 0.010000 0.010000 0.010000 0.000000 5778695.963689 -2366197.592947 2199.725020
2017 10 11 11 59 00 5778695.965570 -2366197.590699 2199.727110 0.010000 0.010000 0.010000 0.000000 5778695.961255 -2366197.594021 2199.727110
2017 10 12 11 59 00 5778695.965811 -2366197.591132 2199.723720 0.010000 0.010000 0.010000 0.000000 5778695.961481 -2366197.594466 2199.723720
2017 10 13 11 59 00 5778695.967092 -2366197.593254 2199.719070 0.010000 0.010000 0.010000 0.000000 5778695.962746 -2366197.596600 2199.719070
2017 10 14 11 59 00 5778695.958503 -2366197.589697 2199.719150 0.010000 0.010000 0.010000 0.000000 5778695.954142 -2366197.593055 2199.719150
2017 10 15 11 59 00 5778695.966874 -2366197.587900 2199.727270 0.010000 0.010000 0.010000 0.000000 5778695.962498 -2366197.591270 2199.727270
2017 10 16 11 59 00 5778695.961085 -2366197.587193 2199.726030 0.010000 0.010000 0.010000 0.000000 5778695.956694 -2366197.590574 2199.726030
2017 10 17 11 59 00 5778695.965476 -2366197.589806 2199.722370 0.010000 0.010000 0.010000 0.000000 5778695.961069 -2366197.593199 2199.722370
2017 10 21 11 59 00 5778695.971500 -2366197.596807 2199.717450 0.010000 0.010000 0.010000 0.000000 5778695.967032 -2366197.600247 2199.717450
2017 10 22 11 59 00 5778695.967281 -2366197.597590 2199.720970 0.010000 0.010000 0.010000 0.000000 5778695.962798 -2366197.601042 2199.720970
2017 10 23 11 59 00 5778695.969082 -2366197.590513 2199.714470 0.010000 0.010000 0.010000 0.000000 5778695.964584 -2366197.593976 2199.714470
2017 10 24 11 59 00 5778695.971333 -2366197.592986 2199.720030 0.010000 0.010000 0.010000 0.000000 5778695.966820 -2366197.596461 2199.720030
2017 10 25 11 59 00 5778695.968144 -2366197.590619 2199.722060 0.010000 0.010000 0.010000 0.000000 5778695.963615 -2366197.594105 2199.722060
2017 10 26 11 59 00 5778695.970755 -2366197.589772 2199.721050 0.010000 0.010000 0.010000 0.000000 5778695.966211 -2366197.593270 2199.721050
2017 10 27 11 59 00 5778695.967556 -2366197.600824 2199.717960 0.010000 0.010000 0.010000 0.000000 5778695.962997 -2366197.604335 2199.717960
2017 10 28 11 59 00 5778695.971777 -2366197.597557 2199.724050 0.010000 0.010000 0.010000 0.000000 5778695.967203 -2366197.601079 2199.724050
2017 10 29 11 59 00 5778695.966388 -2366197.600200 2199.724640 0.010000 0.010000 0.010000 0.000000 5778695.961798 -2366197.603734 2199.724640
2017 10 30 11 59 00 5778695.968739 -2366197.594293 2199.719880 0.010000 0.010000 0.010000 0.000000 5778695.964134 -2366197.597838 2199.719880
2017 10 31 11 59 00 5778695.962779 -2366197.592446 2199.723430 0.010000 0.010000 0.010000 0.000000 5778695.958160 -2366197.596003 2199.723430
2017 11 01 11 59 00 5778695.958750 -2366197.593059 2199.713310 0.010000 0.010000 0.010000 0.000000 5778695.954116 -2366197.596628 2199.713310
2017 11 02 11 59 00 5778695.962291 -2366197.595452 2199.721280 0.010000 0.010000 0.010000 0.000000 5778695.957641 -2366197.599032 2199.721280
2017 11 03 11 59 00 5778695.957132 -2366197.593074 2199.719170 0.010000 0.010000 0.010000 0.000000 5778695.952467 -2366197.596667 2199.719170
2017 11 04 11 59 00 5778695.963783 -2366197.591577 2199.722700 0.010000 0.010000 0.010000 0.000000 5778695.959103 -2366197.595181 2199.722700
2017 11 05 11 59 00 5778695.964084 -2366197.595030 2199.719840 0.010000 0.010000 0.010000 0.000000 5778695.959389 -2366197.598646 2199.719840
2017 11 06 11 59 00 5778695.969635 -2366197.590423 2199.711740 0.010000 0.010000 0.010000 0.000000 5778695.964924 -2366197.594051 2199.711740
2017 11 07 11 59 00 5778695.965536 -2366197.593396 2199.726780 0.010000 0.010000 0.010000 0.000000 5778695.960810 -2366197.597035 2199.726780
2017 11 08 11 59 00 5778695.963797 -2366197.594729 2199.718210 0.010000 0.010000 0.010000 0.000000 5778695.959056 -2366197.598380 2199.718210
2017 11 09 11 59 00 5778695.966228 -2366197.594252 2199.723730 0.010000 0.010000 0.010000 0.000000 5778695.961472 -2366197.597914 2199.723730
2017 11 10 11 59 00 5778695.963599 -2366197.593994 2199.726090 0.010000 0.010000 0.010000 0.000000 5778695.958827 -2366197.597669 2199.726090
2017 11 11 11 59 00 5778695.963760 -2366197.593657 2199.736430 0.010000 0.010000 0.010000 0.000000 5778695.958973 -2366197.597344 2199.736430
2017 11 12 11 59 00 5778695.964201 -2366197.592350 2199.729420 0.010000 0.010000 0.010000 0.000000 5778695.959399 -2366197.596048 2199.729420
2017 11 13 11 59 00 5778695.959522 -2366197.592643 2199.719430 0.010000 0.010000 0.010000 0.000000 5778695.954705 -2366197.596353 2199.719430
2017 11 14 11 59 00 5778695.968353 -2366197.597886 2199.749480 0.010000 0.010000 0.010270 0.000000 5778695.963520 -2366197.601607 2199.749480
2017 11 15 11 59 00 5778695.957834 -2366197.587909 2199.764580 0.010000 0.010000 0.010000 0.000000 5778695.952986 -2366197.591642 2199.764580
2017 11 16 11 59 00 5778695.965995 -2366197.591592 2199.728990 0.010000 0.010000 0.010000 0.000000 5778695.961132 -2366197.595337 2199.728990
2017 11 17 11 59 00 5778695.962726 -2366197.591944 2199.743900 0.010000 0.010000 0.010000 0.000000 5778695.957848 -2366197.595701 2199.743900
2017 11 21 11 59 00 5778695.968310 -2366197.592786 2199.725170 0.010000 0.010000 0.010000 0.000000 5778695.963371 -2366197.596589 2199.725170
2017 11 23 11 59 00 5778695.971522 -2366197.598262 2199.727400 0.010000 0.010000 0.010000 0.000000 5778695.966552 -2366197.602089 2199.727400
2017 11 24 11 59 00 5778695.974853 -2366197.597334 2199.726380 0.010000 0.010000 0.010000 0.000000 5778695.969868 -2366197.601173 2199.726380
2017 11 25 11 59 00 5778695.970304 -2366197.597467 2199.726220 0.010000 0.010000 0.010000 0.000000 5778695.965304 -2366197.601318 2199.726220
2017 11 26 11 59 00 5778695.972675 -2366197.600170 2199.732950 0.010000 0.010000 0.010000 0.000000 5778695.967659 -2366197.604032 2199.732950
2017 11 27 11 59 00 5778695.960866 -2366197.600903 2199.722560 0.010000 0.010000 0.010000 0.000000 5778695.955835 -2366197.604777 2199.722560
2017 11 29 11 59 00 5778695.967758 -2366197.595249 2199.726620 0.010000 0.010000 0.010000 0.000000 5778695.962697 -2366197.599146 2199.726620
2017 11 30 11 59 00 5778695.970009 -2366197.599711 2199.724810 0.010000 0.010000 0.010000 0.000000 5778695.964932 -2366197.603621 2199.724810
2017 11 30 11 59 00 5778695.970009 -2366197.599711 2199.724810 0.010000 0.010000 0.010000 0.000000 5778695.964932 -2366197.603621 2199.724810
2017 12 04 11 59 00 5778695.969143 -2366197.583403 2199.713940 0.010000 0.010000 0.010000 0.000000 5778695.964005 -2366197.587359 2199.713940
2017 12 05 11 59 00 5778695.966214 -2366197.595206 2199.716610 0.010000 0.010000 0.010000 0.000000 5778695.961061 -2366197.599174 2199.716610
2017 12 06 11 59 00 5778695.964715 -2366197.587479 2199.718500 0.010000 0.010000 0.010000 0.000000 5778695.959547 -2366197.591458 2199.718500
2017 12 07 11 59 00 5778695.962726 -2366197.590421 2199.727890 0.010000 0.010000 0.010000 0.000000 5778695.957542 -2366197.594413 2199.727890
2017 12 08 11 59 00 5778695.963457 -2366197.589534 2199.723070 0.010000 0.010000 0.010000 0.000000 5778695.958258 -2366197.593538 2199.723070
2017 12 09 11 59 00 5778695.954398 -2366197.593677 2199.731410 0.010000 0.010000 0.010000 0.000000 5778695.949184 -2366197.597692 2199.731410
2017 12 10 11 59 00 5778695.971779 -2366197.588470 2199.732720 0.010000 0.010000 0.010000 0.000000 5778695.966550 -2366197.592497 2199.732720
2017 12 11 11 59 00 5778695.967860 -2366197.597783 2199.729900 0.010000 0.010000 0.010000 0.000000 5778695.962615 -2366197.601821 2199.729900
2017 12 12 11 59 00 5778695.959931 -2366197.593726 2199.738560 0.010000 0.010000 0.010000 0.000000 5778695.954671 -2366197.597776 2199.738560
2017 12 13 11 59 00 5778695.963942 -2366197.604559 2199.745130 0.010000 0.010000 0.010000 0.000000 5778695.958667 -2366197.608621 2199.745130
2017 12 14 11 59 00 5778695.971703 -2366197.595061 2199.737390 0.010000 0.010000 0.010000 0.000000 5778695.966413 -2366197.599135 2199.737390
2017 12 15 11 59 00 5778695.964624 -2366197.592314 2199.740770 0.010000 0.010000 0.010000 0.000000 5778695.959318 -2366197.596400 2199.740770
2017 12 16 11 59 00 5778695.969385 -2366197.597817 2199.735620 0.010000 0.010000 0.010000 0.000000 5778695.964064 -2366197.601914 2199.735620
2017 12 17 11 59 00 5778695.972726 -2366197.599650 2199.734400 0.010000 0.010000 0.010000 0.000000 5778695.967390 -2366197.603759 2199.734400
2017 12 21 11 59 00 5778695.967070 -2366197.591831 2199.731420 0.010000 0.010000 0.010000 0.000000 5778695.961673 -2366197.595987 2199.731420
2017 12 22 11 59 00 5778695.967251 -2366197.586054 2199.721520 0.010000 0.010000 0.010000 0.000000 5778695.961839 -2366197.590222 2199.721520
2017 12 23 11 59 00 5778695.967062 -2366197.596307 2199.726150 0.010000 0.010000 0.010000 0.000000 5778695.961634 -2366197.600486 2199.726150
2017 12 24 11 59 00 5778695.962813 -2366197.592580 2199.733980 0.010000 0.010000 0.010000 0.000000 5778695.957370 -2366197.596771 2199.733980
2017 12 25 11 59 00 5778695.966674 -2366197.596833 2199.740190 0.010000 0.010000 0.010000 0.000000 5778695.961216 -2366197.601036 2199.740190
2017 12 26 11 59 00 5778695.962485 -2366197.599956 2199.726400 0.010000 0.010000 0.010000 0.000000 5778695.957012 -2366197.604170 2199.726400
2017 12 27 11 59 00 5778695.951226 -2366197.597319 2199.731200 0.010000 0.010000 0.010000 0.000000 5778695.945737 -2366197.601545 2199.731200
2017 12 28 11 59 00 5778695.966907 -2366197.603431 2199.721310 0.010000 0.010000 0.010000 0.000000 5778695.961403 -2366197.607669 2199.721310
2017 12 29 11 59 00 5778695.960428 -2366197.593994 2199.736790 0.010000 0.010000 0.010000 0.000000 5778695.954909 -2366197.598244 2199.736790
2017 12 30 11 59 00 5778695.953939 -2366197.590137 2199.722380 0.010000 0.010000 0.010000 0.000000 5778695.948405 -2366197.594399 2199.722380
2017 12 31 11 59 00 5778695.967850 -2366197.595190 2199.727950 0.010000 0.010000 0.010000 0.000000 5778695.962300 -2366197.599463 2199.727950
2018 01 02 11 59 00 5778695.965362 -2366197.592756 2199.728170 0.010000 0.010000 0.010000 0.000000 5778695.959782 -2366197.597052 2199.728170
2018 01 03 11 59 00 5778695.967103 -2366197.603639 2199.733280 0.010000 0.010000 0.010000 0.000000 5778695.961508 -2366197.607947 2199.733280
2018 01 04 11 59 00 5778695.963474 -2366197.604111 2199.739300 0.010000 0.010000 0.010000 0.000000 5778695.957863 -2366197.608432 2199.739300
2018 01 05 11 59 00 5778695.968605 -2366197.594844 2199.729190 0.010000 0.010000 0.010000 0.000000 5778695.962979 -2366197.599176 2199.729190
2018 01 06 11 59 00 5778695.964246 -2366197.599277 2199.737990 0.010000 0.010000 0.010000 0.000000 5778695.958605 -2366197.603621 2199.737990
2018 01 07 11 59 00 5778695.956497 -2366197.597450 2199.738070 0.010000 0.010000 0.010000 0.000000 5778695.950841 -2366197.601805 2199.738070
2018 01 09 11 59 00 5778695.947739 -2366197.592946 2199.723940 0.010000 0.010000 0.010000 0.000000 5778695.942052 -2366197.597325 2199.723940
2018 01 10 11 59 00 5778695.962860 -2366197.598919 2199.735190 0.010000 0.010000 0.010000 0.000000 5778695.957158 -2366197.603309 2199.735190
2018 01 11 11 59 00 5778695.965951 -2366197.596421 2199.748670 0.010000 0.010000 0.010000 0.000000 5778695.960234 -2366197.600824 2199.748670
2018 01 12 11 59 00 5778695.960672 -2366197.596904 2199.730440 0.010000 0.010000 0.010000 0.000000 5778695.954939 -2366197.601318 2199.730440
2018 01 13 11 59 00 5778695.967313 -2366197.602827 2199.743190 0.010000 0.010000 0.010220 0.000000 5778695.961565 -2366197.607253 2199.743190
2018 01 14 11 59 00 5778695.962144 -2366197.603380 2199.715360 0.010000 0.010000 0.010000 0.000000 5778695.956381 -2366197.607818 2199.715360
2018 01 15 11 59 00 5778695.967505 -2366197.600893 2199.730790 0.010000 0.010000 0.011800 0.000000 5778695.961727 -2366197.605342 2199.730790
2018 01 16 11 59 00 5778695.970106 -2366197.593796 2199.723310 0.010000 0.010000 0.010940 0.000000 5778695.964312 -2366197.598257 2199.723310
2018 01 17 11 59 00 5778695.972307 -2366197.604768 2199.736830 0.010000 0.010000 0.010000 0.000000 5778695.966498 -2366197.609241 2199.736830
2018 01 21 11 59 00 5778695.960031 -2366197.599670 2199.726720 0.010000 0.010000 0.010000 0.000000 5778695.954161 -2366197.604190 2199.726720
2018 01 22 11 59 00 5778695.960982 -2366197.600803 2199.735170 0.010000 0.010000 0.010000 0.000000 5778695.955097 -2366197.605334 2199.735170
2018 01 23 11 59 00 5778695.964403 -2366197.598616 2199.731920 0.010000 0.010000 0.010000 0.000000 5778695.958503 -2366197.603159 2199.731920
2018 01 24 11 59 00 5778695.959794 -2366197.597968 2199.729260 0.010000 0.010000 0.010000 0.000000 5778695.953878 -2366197.602524 2199.729260
2018 01 25 11 59 00 5778695.972515 -2366197.601621 2199.731790 0.010000 0.010000 0.010000 0.000000 5778695.966584 -2366197.606188 2199.731790
2018 01 26 11 59 00 5778695.964356 -2366197.591314 2199.740390 0.010000 0.010000 0.010000 0.000000 5778695.958410 -2366197.595893 2199.740390
2018 01 27 11 59 00 5778695.962527 -2366197.602037 2199.725400 0.010000 0.010000 0.010000 0.000000 5778695.956566 -2366197.606627 2199.725400
2018 01 28 11 59 00 5778695.974058 -2366197.596350 2199.741090 0.010000 0.010000 0.010000 0.000000 5778695.968081 -2366197.600952 2199.741090
2018 01 29 11 59 00 5778695.962149 -2366197.592433 2199.746470 0.010000 0.010000 0.010000 0.000000 5778695.956157 -2366197.597046 2199.746470
2018 01 30 11 59 00 5778695.966110 -2366197.599296 2199.723480 0.010000 0.010000 0.010000 0.000000 5778695.960103 -2366197.603921 2199.723480
2018 01 31 11 59 00 5778695.969941 -2366197.599978 2199.732460 0.010000 0.010000 0.010000 0.000000 5778695.963919 -2366197.604616 2199.732460
2018 02 04 11 59 00 5778695.961975 -2366197.597800 2199.743020 0.010000 0.010000 0.010000 0.000000 5778695.955892 -2366197.602484 2199.743020
2018 02 05 11 59 00 5778695.961996 -2366197.596823 2199.736280 0.010000 0.010000 0.010000 0.000000 5778695.955897 -2366197.601519 2199.736280
2018 02 06 11 59 00 5778695.964007 -2366197.598416 2199.726050 0.010000 0.010000 0.010000 0.000000 5778695.957893 -2366197.603123 2199.726050
2018 02 07 11 59 00 5778695.964788 -2366197.595528 2199.738210 0.010000 0.010000 0.010000 0.000000 5778695.958659 -2366197.600248 2199.738210
2018 02 08 11 59 00 5778695.959779 -2366197.598271 2199.730430 0.010000 0.010000 0.010000 0.000000 5778695.953634 -2366197.603002 2199.730430
2018 02 09 11 59 00 5778695.963270 -2366197.587114 2199.751180 0.010000 0.010000 0.010000 0.000000 5778695.957110 -2366197.591857 2199.751180
2018 02 10 11 59 00 5778695.967521 -2366197.592747 2199.723130 0.010000 0.010000 0.010000 0.000000 5778695.961346 -2366197.597502 2199.723130
2018 02 11 11 59 00 5778695.965922 -2366197.596910 2199.729510 0.010000 0.010000 0.010000 0.000000 5778695.959732 -2366197.601676 2199.729510
2018 02 12 11 59 00 5778695.960493 -2366197.595693 2199.727320 0.010000 0.010000 0.010000 0.000000 5778695.954287 -2366197.600471 2199.727320
2018 02 13 11 59 00 5778695.963154 -2366197.599736 2199.725890 0.010000 0.010000 0.010000 0.000000 5778695.956933 -2366197.604525 2199.725890
2018 02 14 11 59 00 5778695.960075 -2366197.596938 2199.736020 0.010000 0.010000 0.010000 0.000000 5778695.953839 -2366197.601740 2199.736020
2018 02 15 11 59 00 5778695.956386 -2366197.603021 2199.731310 0.010000 0.010000 0.010000 0.000000 5778695.950135 -2366197.607835 2199.731310
2018 02 16 11 59 00 5778695.965507 -2366197.600304 2199.724830 0.010000 0.010000 0.010000 0.000000 5778695.959240 -2366197.605129 2199.724830
2018 02 17 11 59 00 5778695.969328 -2366197.602777 2199.716430 0.010000 0.010000 0.010000 0.000000 5778695.963046 -2366197.607614 2199.716430
2018 02 22 11 59 00 5778695.966453 -2366197.600631 2199.722200 0.010000 0.010000 0.010000 0.000000 5778695.960095 -2366197.605527 2199.722200
2018 02 23 11 59 00 5778695.968764 -2366197.597144 2199.744950 0.010000 0.010000 0.010000 0.000000 5778695.962391 -2366197.602051 2199.744950
2018 02 24 11 59 00 5778695.955875 -2366197.591157 2199.737100 0.010000 0.010000 0.010000 0.000000 5778695.949486 -2366197.596076 2199.737100
2018 02 25 11 59 00 5778695.964826 -2366197.600640 2199.728250 0.010000 0.010000 0.010000 0.000000 5778695.958422 -2366197.605571 2199.728250
2018 02 26 11 59 00 5778695.962767 -2366197.611193 2199.708500 0.010000 0.010000 0.010000 0.000000 5778695.956348 -2366197.616135 2199.708500
2018 02 27 11 59 00 5778695.964408 -2366197.598836 2199.707590 0.010000 0.010000 0.010000 0.000000 5778695.957974 -2366197.603790 2199.707590
2018 02 28 11 59 00 5778695.957429 -2366197.589968 2199.716850 0.010000 0.010000 0.010000 0.000000 5778695.950979 -2366197.594934 2199.716850
2018 03 01 11 59 00 5778695.950960 -2366197.592411 2199.714910 0.010000 0.010000 0.010000 0.000000 5778695.944495 -2366197.597389 2199.714910
2018 03 02 11 59 00 5778695.972501 -2366197.603364 2199.737000 0.010000 0.010000 0.010000 0.000000 5778695.966021 -2366197.608353 2199.737000
2018 03 03 11 59 00 5778695.965382 -2366197.601137 2199.724760 0.010000 0.010000 0.010000 0.000000 5778695.958887 -2366197.606138 2199.724760
2018 03 04 11 59 00 5778695.961943 -2366197.606190 2199.730180 0.010000 0.010000 0.010000 0.000000 5778695.955432 -2366197.611203 2199.730180
2018 03 05 11 59 00 5778695.964754 -2366197.590913 2199.743450 0.010000 0.010000 0.010170 0.000000 5778695.958228 -2366197.595937 2199.743450
2018 03 06 11 59 00 5778695.968605 -2366197.603546 2199.726640 0.010000 0.010000 0.010000 0.000000 5778695.962064 -2366197.608582 2199.726640
2018 03 07 11 59 00 5778695.961336 -2366197.597418 2199.720550 0.010000 0.010000 0.010000 0.000000 5778695.954780 -2366197.602466 2199.720550
2018 03 08 11 59 00 5778695.964887 -2366197.597881 2199.729050 0.010000 0.010000 0.010760 0.000000 5778695.958315 -2366197.602941 2199.729050
2018 03 09 11 59 00 5778695.961168 -2366197.597734 2199.726890 0.010000 0.010000 0.010000 0.000000 5778695.954581 -2366197.602806 2199.726890
2018 03 10 11 59 00 5778695.959889 -2366197.595137 2199.729970 0.010000 0.010000 0.010000 0.000000 5778695.953287 -2366197.600220 2199.729970
2018 03 11 11 59 00 5778695.963560 -2366197.596210 2199.729070 0.010000 0.010000 0.010000 0.000000 5778695.956943 -2366197.601305 2199.729070
2018 03 12 11 59 00 5778695.965730 -2366197.596273 2199.721900 0.010000 0.010000 0.010000 0.000000 5778695.959098 -2366197.601379 2199.721900
2018 03 13 11 59 00 5778695.957951 -2366197.599055 2199.721210 0.010000 0.010000 0.010000 0.000000 5778695.951304 -2366197.604174 2199.721210
2018 03 14 11 59 00 5778695.956772 -2366197.604158 2199.722700 0.010000 0.010000 0.010210 0.000000 5778695.950110 -2366197.609289 2199.722700
2018 03 15 11 59 00 5778695.956273 -2366197.607741 2199.739280 0.010000 0.010000 0.010230 0.000000 5778695.949596 -2366197.612883 2199.739280
2018 03 16 11 59 00 5778695.966864 -2366197.595824 2199.728100 0.010000 0.010000 0.010000 0.000000 5778695.960171 -2366197.600978 2199.728100
2018 03 17 11 59 00 5778695.960345 -2366197.597517 2199.726760 0.010000 0.010000 0.010000 0.000000 5778695.953637 -2366197.602682 2199.726760
2018 03 18 11 59 00 5778695.960576 -2366197.600080 2199.731820 0.010000 0.010000 0.010000 0.000000 5778695.953853 -2366197.605257 2199.731820
2018 03 22 11 59 00 5778695.965600 -2366197.598371 2199.726330 0.010000 0.010000 0.010000 0.000000 5778695.958816 -2366197.603595 2199.726330
2018 03 23 11 59 00 5778695.966861 -2366197.598014 2199.739510 0.010000 0.010000 0.010000 0.000000 5778695.960062 -2366197.603250 2199.739510
2018 03 24 11 59 00 5778695.970432 -2366197.600787 2199.729600 0.010000 0.010000 0.010000 0.000000 5778695.963617 -2366197.606035 2199.729600
2018 03 25 11 59 00 5778695.965963 -2366197.599430 2199.736920 0.010000 0.010000 0.010000 0.000000 5778695.959133 -2366197.604689 2199.736920
2018 03 26 11 59 00 5778695.963474 -2366197.593873 2199.727100 0.010000 0.010000 0.010000 0.000000 5778695.956629 -2366197.599144 2199.727100
2018 03 27 11 59 00 NaN NaN NaN 1.681870 0.096780 1.699450 NaN NaN NaN NaN
2018 03 28 11 59 00 5778695.963836 -2366197.598708 2199.725720 0.010000 0.010000 0.010000 0.000000 5778695.956960 -2366197.604003 2199.725720
2018 03 29 11 59 00 5778695.959897 -2366197.598461 2199.719080 0.010000 0.010000 0.010000 0.000000 5778695.953006 -2366197.603768 2199.719080
2018 03 30 11 59 00 5778695.962948 -2366197.596494 2199.723670 0.010000 0.010000 0.010000 0.000000 5778695.956042 -2366197.601812 2199.723670
2018 03 31 11 59 00 5778695.967469 -2366197.585387 2199.732300 0.010000 0.010000 0.010000 0.000000 5778695.960548 -2366197.590717 2199.732300
2018 04 01 11 59 00 5778695.969260 -2366197.595700 2199.738190 0.010000 0.010000 0.010000 0.000000 5778695.962323 -2366197.601041 2199.738190
2018 04 02 11 59 00 5778695.965901 -2366197.597343 2199.724290 0.010000 0.010000 0.010000 0.000000 5778695.958949 -2366197.602696 2199.724290
2018 04 03 11 59 00 5778695.973092 -2366197.595115 2199.718930 0.010000 0.010000 0.010000 0.000000 5778695.966125 -2366197.600480 2199.718930
2018 04 04 11 59 00 5778695.979443 -2366197.592128 2199.737720 0.010000 0.010000 0.010000 0.000000 5778695.972461 -2366197.597505 2199.737720
2018 04 05 11 59 00 5778695.971524 -2366197.589871 2199.715690 0.010000 0.010000 0.010000 0.000000 5778695.964526 -2366197.595260 2199.715690
2018 04 06 11 59 00 5778695.970285 -2366197.588554 2199.721460 0.010000 0.010000 0.010000 0.000000 5778695.963272 -2366197.593954 2199.721460
2018 04 07 11 59 00 5778695.965006 -2366197.588877 2199.701500 0.010000 0.010000 0.011430 0.000000 5778695.957978 -2366197.594289 2199.701500
2018 04 08 11 59 00 5778695.971487 -2366197.595310 2199.726560 0.010000 0.010000 0.011490 0.000000 5778695.964444 -2366197.600733 2199.726560
2018 04 09 11 59 00 5778695.970868 -2366197.594183 2199.722690 0.010000 0.010000 0.010000 0.000000 5778695.963809 -2366197.599618 2199.722690
2018 04 10 11 59 00 5778695.972959 -2366197.592625 2199.711460 0.010000 0.010000 0.010000 0.000000 5778695.965885 -2366197.598073 2199.711460
2018 04 11 11 59 00 5778695.972160 -2366197.592848 2199.720890 0.010000 0.010000 0.010000 0.000000 5778695.965071 -2366197.598307 2199.720890
2018 04 12 11 59 00 5778695.973441 -2366197.592231 2199.720760 0.010000 0.010000 0.010000 0.000000 5778695.966337 -2366197.597702 2199.720760
2018 04 13 11 59 00 5778695.969612 -2366197.591544 2199.725590 0.010000 0.010000 0.010000 0.000000 5778695.962492 -2366197.597026 2199.725590
2018 04 14 11 59 00 5778695.976833 -2366197.593727 2199.715610 0.010000 0.010000 0.010000 0.000000 5778695.969698 -2366197.599221 2199.715610
2018 04 15 11 59 00 5778695.973494 -2366197.592250 2199.719450 0.010000 0.010000 0.010000 0.000000 5778695.966344 -2366197.597756 2199.719450
2018 04 16 11 59 00 5778695.971765 -2366197.594853 2199.714470 0.010000 0.010000 0.010000 0.000000 5778695.964599 -2366197.600370 2199.714470
2018 04 17 11 59 00 5778695.968286 -2366197.594185 2199.729350 0.010000 0.010000 0.016230 0.000000 5778695.961105 -2366197.599715 2199.729350
2018 04 18 11 59 00 5778695.968057 -2366197.593148 2199.716410 0.010000 0.010000 0.010000 0.000000 5778695.960861 -2366197.598689 2199.716410
2018 04 21 11 59 00 5778695.966700 -2366197.593357 2199.705330 0.010000 0.010000 0.010000 0.000000 5778695.959458 -2366197.598933 2199.705330
2018 04 22 11 59 00 5778695.961891 -2366197.597220 2199.709780 0.010000 0.010000 0.010000 0.000000 5778695.954634 -2366197.602808 2199.709780
2018 04 23 11 59 00 5778695.959552 -2366197.600813 2199.708470 0.010000 0.010000 0.010000 0.000000 5778695.952280 -2366197.606412 2199.708470
2018 04 24 11 59 00 5778695.961443 -2366197.598385 2199.701980 0.010000 0.010000 0.010000 0.000000 5778695.954155 -2366197.603997 2199.701980
2018 04 25 11 59 00 5778695.965014 -2366197.595248 2199.700430 0.010000 0.010000 0.010000 0.000000 5778695.957711 -2366197.600872 2199.700430
2018 04 26 11 59 00 5778695.965985 -2366197.591731 2199.701790 0.010000 0.010000 0.010000 0.000000 5778695.958667 -2366197.597366 2199.701790

